0
-0.000547878
-0.000485096
-0.000739907
-0.001536427
-0.002641322
-0.002421052
-0.002032901
-0.004157383
-0.004511443
-0.004721697
-0.005107399
-0.006044331
-0.004960124
-0.006848589
-0.007168225
-0.0082196
-0.009483523
-0.007913641
-0.009317875
-0.009416485
-0.010417357
-0.010575977
-0.012270235
-0.013164226
-0.012785966
-0.01353206
-0.013571002
-0.014105215
-0.013960133
-0.014791951
-0.015408373
-0.016291043
-0.0162202
-0.016535778
-0.018264952
-0.01840712
-0.018808764
-0.019061388
-0.019075559
-0.019111175
-0.019637536
-0.019715899
-0.021450585
-0.021946202
-0.02268831
-0.022577716
-0.023180983
-0.024238654
-0.024303133
-0.024732092
-0.025483591
-0.025855797
-0.027052563
-0.025827262
-0.026916303
-0.027859606
-0.028175304
-0.029741347
-0.029759252
-0.030064993
-0.030600926
-0.030568483
-0.031695181
-0.032740162
-0.033447196
-0.033779045
-0.032686101
-0.033898265
-0.035466101
-0.034013714
-0.035249094
-0.033912648
-0.033995734
-0.034252035
-0.035834837
-0.036171272
-0.037224552
-0.03822477
-0.038794001
-0.038696064
-0.039501715
-0.0392766
-0.039193075
-0.039773899
-0.040496785
-0.040507644
-0.041514585
-0.041150994
-0.041936685
-0.043265757
-0.043830603
-0.043947204
-0.044260948
-0.044702383
-0.045735391
-0.045494509
-0.045447029
-0.046034946
-0.046382114
-0.047347612
-0.047826873
-0.047003753
-0.048456708
-0.04875708
-0.048980689
-0.049541468
-0.050267605
-0.050572177
-0.050733833
-0.050968665
-0.050891664
-0.051405753
-0.053056471
-0.052817292
-0.054028439
-0.054326626
-0.054857365
-0.054142566
-0.055329218
-0.055111724
-0.056739146
-0.056639436
-0.057289377
-0.057877128
-0.058357972
-0.058346918
-0.0590166
-0.058602167
-0.059757226
-0.059453338
-0.060698408
-0.061362275
-0.062346053
-0.062502028
-0.062074858
-0.063222829
-0.064286472
-0.063334307
-0.064029768
-0.064744255
-0.064483726
-0.064238091
-0.066219522
-0.065783532
-0.066115149
-0.065928906
-0.06702145
-0.067469332
-0.068444054
-0.067816582
-0.068687001
-0.068683278
-0.06715957
-0.068107748
-0.069311294
-0.070097065
-0.069374823
-0.071197907
-0.071044301
-0.072678995
-0.0721688
-0.073272124
-0.073936909
-0.074745052
-0.073982018
-0.075166231
-0.076378308
-0.076378308
-0.076547745
-0.075692955
-0.076818943
-0.077203447
-0.078489627
-0.078912386
-0.07885201
-0.078327379
-0.081059421
-0.080556236
-0.080359553
-0.080733918
-0.080941982
-0.082214113
-0.081543804
-0.082987233
-0.083616741
-0.084064558
-0.084330239
-0.085112567
-0.083131353
-0.084485899
-0.086332977
-0.086884574
-0.087364401
-0.087893796
-0.0881567
-0.088492023
-0.088213845
-0.087931949
-0.089380834
-0.088328144
-0.08931202
-0.089357829
-0.090071632
-0.090934799
-0.09077052
-0.092422557
-0.091661158
-0.092353735
-0.092939379
-0.093264863
-0.094196119
-0.0931002
-0.093245785
-0.093513917
-0.095669415
-0.096280169
-0.09450291
-0.094096422
-0.094913386
-0.097733544
-0.097783573
-0.098376242
-0.099135096
-0.098630408
-0.098541776
-0.098873128
-0.100145036
-0.100495934
-0.100364864
-0.100673553
-0.10095522
-0.101739123
-0.100233608
-0.102171829
-0.102531344
-0.10316172
-0.104179797
-0.104199084
-0.10275555
-0.104466311
-0.105803517
-0.106773805
-0.10571445
-0.105431236
-0.106230254
-0.10610616
-0.108230699
-0.108269635
-0.107842027
-0.10858465
-0.108779213
-0.109137031
-0.108604023
-0.111911914
-0.111073182
-0.111299311
-0.110320947
-0.112017291
-0.112157674
-0.113052007
-0.11344271
-0.113591286
-0.113138043
-0.112977858
-0.11466682
-0.114725705
-0.114557265
-0.11385714
-0.114060524
-0.114979957
-0.116163006
-0.116652981
-0.117256943
-0.116535398
-0.118077205
-0.119000546
-0.119354208
-0.119373997
-0.119708201
-0.118576152
-0.118949445
-0.120593423
-0.121325958
-0.122177265
-0.121633337
-0.121759373
-0.121412709
-0.123127989
-0.123648924
-0.124024115
-0.124960843
-0.124577427
-0.124514022
-0.126880135
-0.125494763
-0.126179219
-0.12630998
-0.126119863
-0.1261319
-0.128688259
-0.12947839
-0.127815594
-0.128025788
-0.128704072
-0.128295507
-0.130213298
-0.130070357
-0.130650582
-0.12961729
-0.129601462
-0.13156558
-0.131044469
-0.133425894
-0.132246479
-0.13240978
-0.133685155
-0.133302351
-0.133820876
-0.132911753
-0.132983425
-0.134898511
-0.134794673
-0.135873358
-0.136497013
-0.137641566
-0.136893
-0.137605457
-0.137717566
-0.137213176
-0.136553004
-0.138330608
-0.138867512
-0.138198265
-0.139533421
-0.140215559
-0.13928063
-0.140829924
-0.141211618
-0.140050979
-0.141392616
-0.141344361
-0.142329523
-0.14271179
-0.143500836
-0.142969459
-0.144109193
-0.14347275
-0.144028692
-0.144617287
-0.144879254
-0.145706414
-0.146279904
-0.146485967
-0.144899555
-0.143972281
-0.144431689
-0.147815911
-0.148576734
-0.147949321
-0.148588832
-0.149382531
-0.149171836
-0.149370423
-0.149208364
-0.149135521
-0.149755392
-0.151950546
-0.151020756
-0.152324153
-0.15240149
-0.15363757
-0.151804251
-0.15245433
-0.15423185
-0.154235905
-0.153369033
-0.153507452
-0.154691939
-0.154390669
-0.154643038
-0.154822425
-0.155698468
-0.156412263
-0.156991927
-0.157163387
-0.157281778
-0.158127408
-0.158527982
-0.158573
-0.158793834
-0.158830716
-0.158090552
-0.159133327
-0.159575291
-0.160701465
-0.160890108
-0.160410621
-0.16144765
-0.161751054
-0.162838775
-0.163216473
-0.162304988
-0.163150786
-0.163697307
-0.164313984
-0.165342552
-0.164548382
-0.165766756
-0.16560612
-0.165993288
-0.166322919
-0.16628576
-0.166265237
-0.166401131
-0.167192666
-0.167629986
-0.16772907
-0.168827215
-0.16964972
-0.169505148
-0.170907319
-0.169806888
-0.170828754
-0.170427344
-0.171089648
-0.171209699
-0.171847537
-0.172954567
-0.172734716
-0.171723282
-0.172033949
-0.173568711
-0.172618612
-0.1726684
-0.173713872
-0.173452511
-0.173942212
-0.176153639
-0.176432513
-0.176686577
-0.176486638
-0.176465904
-0.175945735
-0.176174585
-0.177690372
-0.178174064
-0.178591062
-0.178845676
-0.17794891
-0.178962505
-0.180231878
-0.180838014
-0.178824675
-0.179822516
-0.180140091
-0.180545419
-0.180775324
-0.181272792
-0.181607499
-0.18247418
-0.183588647
-0.183748021
-0.182335865
-0.182499211
-0.18384036
-0.184994211
-0.18481373
-0.185359452
-0.185279744
-0.185405695
-0.186864096
-0.186897837
-0.185380592
-0.187836222
-0.188526947
-0.186864096
-0.187907966
-0.188388013
-0.188754497
-0.189665213
-0.189205551
-0.18934062
-0.190673936
-0.189905851
-0.19069076
-0.190458565
-0.193092019
-0.192791601
-0.192622351
-0.191949848
-0.193257131
-0.192080855
-0.195096073
-0.192009032
-0.194137971
-0.193938954
-0.194849959
-0.196823687
-0.196161041
-0.196144125
-0.195698385
-0.196738605
-0.197950033
-0.198426449
-0.198183975
-0.199422615
-0.196789609
-0.196042186
-0.197996862
-0.200360314
-0.198996841
-0.199179899
-0.198681925
-0.198647783
-0.199512169
-0.200066197
-0.201345655
-0.201494905
-0.201396894
-0.201768178
-0.202276426
-0.201926222
-0.202913108
-0.203250656
-0.203930804
-0.204256129
-0.203686992
-0.204709741
-0.203798236
-0.205750842
-0.205450867
-0.205545232
-0.206385469
-0.207398377
-0.207243742
-0.206329701
-0.207561366
-0.208132714
-0.207587258
-0.209328036
-0.208932292
-0.208635643
-0.208644208
-0.208644208
-0.209272103
-0.210339415
-0.210692579
-0.211080208
-0.211985714
-0.213630424
-0.211485392
-0.211382103
-0.21151568
-0.213734172
-0.214356432
-0.214546632
-0.214192105
-0.214598552
-0.213690905
-0.2143825
-0.214970688
-0.21615673
-0.215810259
-0.217135946
-0.215433726
-0.218046955
-0.218025114
-0.2173701
-0.218250829
-0.219358299
