0.00000
0.00075
-0.00016
-0.00041
0.00040
-0.00125
-0.00180
-0.00201
-0.00219
-0.00237
-0.00371
-0.00494
-0.00439
-0.00453
-0.00537
-0.00635
-0.00708
-0.00713
-0.00694
-0.00704
-0.00778
-0.00711
-0.00736
-0.00816
-0.00848
-0.00794
-0.00947
-0.00953
-0.01023
-0.01036
-0.01089
-0.01065
-0.01154
-0.01098
-0.01170
-0.01186
-0.01308
-0.01275
-0.01263
-0.01343
-0.01362
-0.01387
-0.01362
-0.01363
-0.01391
-0.01412
-0.01503
-0.01504
-0.01544
-0.01717
-0.01689
-0.01579
-0.01601
-0.01664
-0.01614
-0.01627
-0.01676
-0.01979
-0.01847
-0.01825
-0.01876
-0.01758
-0.01818
-0.01917
-0.01968
-0.02015
-0.02054
-0.01939
-0.01905
-0.01991
-0.02098
-0.02024
-0.02122
-0.02044
-0.02201
-0.02223
-0.02260
-0.02284
-0.02364
-0.02285
-0.02253
-0.02210
-0.02224
-0.02335
-0.02363
-0.02291
-0.02386
-0.02527
-0.02526
-0.02491
-0.02584
-0.02545
-0.02588
-0.02635
-0.02608
-0.02718
-0.02681
-0.02710
-0.02722
-0.02728
-0.02662
-0.02816
-0.02791
-0.02706
-0.02762
-0.02848
-0.02955
-0.02967
-0.02875
-0.02943
-0.02970
-0.02972
-0.03043
-0.03077
-0.03091
-0.03147
-0.03078
-0.03083
-0.03103
-0.03194
-0.03227
-0.03232
-0.03241
-0.03216
-0.03221
-0.03261
-0.03276
-0.03234
-0.03293
-0.03405
-0.03448
-0.03348
-0.03312
-0.03347
-0.03520
-0.03465
-0.03543
-0.03524
-0.03528
-0.03628
-0.03599
-0.03719
-0.03646
-0.03669
-0.03642
-0.03663
-0.03747
-0.03836
-0.03842
-0.03792
-0.03841
-0.03883
-0.03786
-0.03842
-0.03956
-0.03871
-0.03958
-0.03982
-0.03981
-0.04025
-0.04017
-0.04082
-0.04064
-0.04097
-0.04035
-0.04026
-0.04207
-0.04181
-0.04143
-0.04199
-0.04304
-0.04315
-0.04357
-0.04424
-0.04454
-0.04336
-0.04401
-0.04429
-0.04432
-0.04427
-0.04331
-0.04457
-0.04466
-0.04473
-0.04453
-0.04531
-0.04586
-0.04531
-0.04553
-0.04639
-0.04569
-0.04567
-0.04687
-0.04779
-0.04724
-0.04807
-0.04785
-0.04758
-0.04912
-0.04830
-0.04917
-0.04921
-0.04948
-0.04930
-0.04967
-0.05099
-0.05096
-0.04954
-0.05008
-0.05098
-0.05121
-0.05034
-0.05150
-0.05096
-0.05133
-0.05146
-0.05102
-0.05146
-0.05219
-0.05189
-0.05186
-0.05265
-0.05269
-0.05396
-0.05369
-0.05359
-0.05346
-0.05370
-0.05468
-0.05416
-0.05428
-0.05473
-0.05408
-0.05440
-0.05575
-0.05589
-0.05580
-0.05437
-0.05534
-0.05515
-0.05529
-0.05610
-0.05678
-0.05661
-0.05775
-0.05832
-0.05840
-0.05848
-0.05840
-0.05839
-0.05973
-0.05907
-0.05967
-0.05973
-0.05960
-0.05993
-0.05928
-0.05863
-0.05909
-0.06060
-0.06070
-0.06189
-0.06161
-0.06152
-0.06145
-0.06005
-0.06011
-0.06253
-0.06254
-0.06237
-0.06205
-0.06268
-0.06183
-0.06365
-0.06318
-0.06330
-0.06281
-0.06250
-0.06356
-0.06442
-0.06449
-0.06550
-0.06566
-0.06446
-0.06487
-0.06613
-0.06731
-0.06699
-0.06613
-0.06589
-0.06587
-0.06699
-0.06644
-0.06617
-0.06703
-0.06757
-0.06703
-0.06750
-0.06766
-0.06791
-0.06826
-0.06845
-0.06878
-0.06836
-0.06844
-0.06771
-0.06830
-0.06975
-0.07016
-0.06912
-0.06929
-0.07009
-0.07113
-0.07126
-0.06998
-0.07011
-0.07006
-0.07059
-0.07131
-0.07213
-0.07194
-0.07183
-0.07183
-0.07192
-0.07194
-0.07225
-0.07370
-0.07346
-0.07388
-0.07310
-0.07357
-0.07314
-0.07453
-0.07467
-0.07509
-0.07563
-0.07578
-0.07381
-0.07442
-0.07535
-0.07588
-0.07539
-0.07572
-0.07588
-0.07731
-0.07707
-0.07756
-0.07768
-0.07692
-0.07810
-0.07813
-0.07847
-0.07876
-0.07871
-0.07771
-0.07836
-0.07850
-0.08022
-0.07988
-0.08001
-0.07983
-0.07868
-0.08057
-0.08079
-0.08021
-0.08040
-0.08111
-0.08041
-0.08056
-0.08066
-0.08179
-0.08173
-0.08193
-0.08211
-0.08262
-0.08203
-0.08150
-0.08360
-0.08287
-0.08318
-0.08345
-0.08277
-0.08393
-0.08403
-0.08508
-0.08456
-0.08504
-0.08412
-0.08426
-0.08445
-0.08495
-0.08501
-0.08579
-0.08650
-0.08580
-0.08647
-0.08662
-0.08753
-0.08749
-0.08828
-0.08682
-0.08649
-0.08630
-0.08686
-0.08585
-0.08626
-0.08784
-0.08815
-0.08898
-0.08851
-0.08881
-0.08774
-0.08815
-0.08897
-0.08970
-0.08980
-0.08898
-0.08945
-0.08995
-0.09151
-0.09199
-0.09006
-0.09004
-0.08966
-0.09052
-0.09024
-0.09156
-0.09171
-0.09131
-0.09155
-0.09186
-0.09185
-0.09259
-0.09317
-0.09323
-0.09208
-0.09366
-0.09289
-0.09329
-0.09464
-0.09382
-0.09390
-0.09363
-0.09345
-0.09312
-0.09466
-0.09491
-0.09515
-0.09517
-0.09492
-0.09627
-0.09669
-0.09544
-0.09613
-0.09696
-0.09672
-0.09672
-0.09648
-0.09574
-0.09667
-0.09734
-0.09753
-0.09740
-0.09853
-0.09694
-0.09773
-0.09882
-0.09914
-0.09813
-0.09896
-0.09894
-0.09919
-0.09980
-0.09970
-0.10065
-0.10055
-0.09996
-0.10026
-0.10051
-0.09999
-0.10135
-0.10039
-0.10061
-0.10080
-0.10218
-0.10251
-0.10220
-0.10232
-0.10247
-0.10232
-0.10281
-0.10279
-0.10233
-0.10277
-0.10425
-0.10415
-0.10272
-0.10291
-0.10319
-0.10389
-0.10421
-0.10418
-0.10441
-0.10448
-0.10456
-0.10502
-0.10530
-0.10593
-0.10527
-0.10629
-0.10613
-0.10628
-0.10683
-0.10654
-0.10691
-0.10681
-0.10724
-0.10608
-0.10730
-0.10697
-0.10693
-0.10871
-0.10819
-0.10792
-0.10875
-0.10929
-0.10988
-0.10886
-0.10880
-0.11129
-0.11111
-0.10918
-0.11018
-0.11042
-0.10934
-0.11048
-0.11093
-0.11005
-0.11013
-0.11031
-0.11270
-0.11356
-0.11225
-0.11234
-0.11196
-0.11291
-0.11290
-0.11307
-0.11196
-0.11288
-0.11437
-0.11258
-0.11355
-0.11250
-0.11296
-0.11360
-0.11386
-0.11416
-0.11473
-0.11509
-0.11514
-0.11428
-0.11474
-0.11414
-0.11489
-0.11566
-0.11549
-0.11557
-0.11567
-0.11596
-0.11654
-0.11722
-0.11751
-0.11634
-0.11648
-0.11749
-0.11801
-0.11755
-0.11717
