0.00000
-0.00025
0.00075
-0.00115
-0.00233
-0.00418
-0.00402
-0.00566
-0.00632
-0.00787
-0.00801
-0.00719
-0.00831
-0.00935
-0.00979
-0.01032
-0.01069
-0.01201
-0.01212
-0.01258
-0.01282
-0.01369
-0.01506
-0.01478
-0.01483
-0.01688
-0.01670
-0.01814
-0.01791
-0.01846
-0.01898
-0.01910
-0.01949
-0.02066
-0.01977
-0.02081
-0.02141
-0.02056
-0.02125
-0.02221
-0.02341
-0.02325
-0.02417
-0.02349
-0.02403
-0.02380
-0.02369
-0.02514
-0.02426
-0.02503
-0.02536
-0.02563
-0.02534
-0.02824
-0.02889
-0.02778
-0.02798
-0.02876
-0.02862
-0.02882
-0.02944
-0.02914
-0.03000
-0.02965
-0.02963
-0.03132
-0.03146
-0.03288
-0.03211
-0.03161
-0.03184
-0.03326
-0.03293
-0.03209
-0.03302
-0.03352
-0.03347
-0.03245
-0.03273
-0.03579
-0.03414
-0.03526
-0.03445
-0.03580
-0.03584
-0.03505
-0.03704
-0.03595
-0.03718
-0.03701
-0.03734
-0.03660
-0.03746
-0.03843
-0.03961
-0.03958
-0.03867
-0.03998
-0.03998
-0.03989
-0.04089
-0.04029
-0.04084
-0.04078
-0.04158
-0.04166
-0.04128
-0.04083
-0.04186
-0.04249
-0.04157
-0.04242
-0.04352
-0.04425
-0.04474
-0.04353
-0.04445
-0.04454
-0.04459
-0.04407
-0.04554
-0.04588
-0.04535
-0.04597
-0.04617
-0.04571
-0.04551
-0.04576
-0.04753
-0.04698
-0.04759
-0.04689
-0.04666
-0.04696
-0.04884
-0.04870
-0.04818
-0.04909
-0.04890
-0.04745
-0.04912
-0.04950
-0.04963
-0.04997
-0.05078
-0.04984
-0.05106
-0.05090
-0.05123
-0.05084
-0.05129
-0.05184
-0.05225
-0.05143
-0.05169
-0.05232
-0.05288
-0.05272
-0.05361
-0.05259
-0.05214
-0.05314
-0.05529
-0.05506
-0.05397
-0.05318
-0.05525
-0.05460
-0.05515
-0.05562
-0.05531
-0.05639
-0.05448
-0.05599
-0.05618
-0.05694
-0.05614
-0.05708
-0.05749
-0.05763
-0.05838
-0.05842
-0.05799
-0.05873
-0.05789
-0.05905
-0.05878
-0.05885
-0.06030
-0.05980
-0.05931
-0.05922
-0.05970
-0.06032
-0.06027
-0.06073
-0.06116
-0.06117
-0.06174
-0.06203
-0.06159
-0.06160
-0.06108
-0.06115
-0.06191
-0.06224
-0.06191
-0.06288
-0.06316
-0.06306
-0.06359
-0.06336
-0.06288
-0.06296
-0.06412
-0.06393
-0.06475
-0.06434
-0.06389
-0.06465
-0.06558
-0.06604
-0.06544
-0.06588
-0.06505
-0.06603
-0.06680
-0.06654
-0.06694
-0.06670
-0.06621
-0.06784
-0.06728
-0.06774
-0.06722
-0.06769
-0.06808
-0.06845
-0.06913
-0.06896
-0.06888
-0.06965
-0.06887
-0.06908
-0.06951
-0.07013
-0.06983
-0.07121
-0.07114
-0.07053
-0.06988
-0.07073
-0.07136
-0.07183
-0.07220
-0.07253
-0.07223
-0.07209
-0.07218
-0.07229
-0.07263
-0.07276
-0.07302
-0.07292
-0.07389
-0.07395
-0.07458
-0.07431
-0.07368
-0.07374
-0.07503
-0.07448
-0.07567
-0.07521
-0.07505
-0.07497
-0.07430
-0.07485
-0.07470
-0.07536
-0.07678
-0.07725
-0.07588
-0.07602
-0.07685
-0.07672
-0.07740
-0.07748
-0.07789
-0.07837
-0.07956
-0.07715
-0.07764
-0.07841
-0.07918
-0.08033
-0.07968
-0.07923
-0.08105
-0.07965
-0.08041
-0.08038
-0.08012
-0.08063
-0.08112
-0.08105
-0.08119
-0.08112
-0.08160
-0.08219
-0.08221
-0.08181
-0.08210
-0.08152
-0.08215
-0.08208
-0.08154
-0.08220
-0.08204
-0.08407
-0.08427
-0.08397
-0.08469
-0.08484
-0.08440
-0.08514
-0.08529
-0.08517
-0.08595
-0.08644
-0.08663
-0.08555
-0.08652
-0.08542
-0.08561
-0.08509
-0.08648
-0.08676
-0.08734
-0.08718
-0.08712
-0.08774
-0.08894
-0.08858
-0.08667
-0.08759
-0.08949
-0.08799
-0.08891
-0.08848
-0.08908
-0.08864
-0.09036
-0.09093
-0.09065
-0.08991
-0.09035
-0.09071
-0.09056
-0.08947
-0.09146
-0.09126
-0.09142
-0.09294
-0.09181
-0.09238
-0.09192
-0.09311
-0.09251
-0.09285
-0.09262
-0.09226
-0.09388
-0.09423
-0.09364
-0.09287
-0.09366
-0.09534
-0.09382
-0.09354
-0.09423
-0.09427
-0.09563
-0.09547
-0.09532
-0.09509
-0.09447
-0.09608
-0.09673
-0.09618
-0.09589
-0.09636
-0.09619
-0.09526
-0.09583
-0.09729
-0.09670
-0.09784
-0.09789
-0.09844
-0.09673
-0.09757
-0.09767
-0.09813
-0.09773
-0.09913
-0.09875
-0.09902
-0.09967
-0.09976
-0.10120
-0.09994
-0.09997
-0.10036
-0.09910
-0.10078
-0.09925
-0.10039
-0.10113
-0.10071
-0.10085
-0.10191
-0.10181
-0.10139
-0.10136
-0.10146
-0.10173
-0.10173
-0.10120
-0.10311
-0.10361
-0.10305
-0.10437
-0.10432
-0.10330
-0.10247
-0.10428
-0.10491
-0.10444
-0.10417
-0.10498
-0.10526
-0.10663
-0.10674
-0.10535
-0.10490
-0.10674
-0.10668
-0.10642
-0.10597
-0.10643
-0.10693
-0.10742
-0.10767
-0.10732
-0.10790
-0.10685
-0.10782
-0.10835
-0.10640
-0.10751
-0.10758
-0.10754
-0.10743
-0.10730
-0.10921
-0.10850
-0.10748
-0.10858
-0.10917
-0.11058
-0.10954
-0.11162
-0.11042
-0.11025
-0.11078
-0.11168
-0.11122
-0.11230
-0.11243
-0.11219
-0.11159
-0.11199
-0.11100
-0.11139
-0.11032
-0.11315
-0.11429
-0.11241
-0.11278
-0.11247
-0.11305
-0.11273
-0.11333
-0.11327
-0.11285
-0.11529
-0.11435
-0.11438
-0.11591
-0.11481
-0.11336
-0.11411
-0.11500
-0.11596
-0.11611
-0.11576
-0.11588
-0.11574
-0.11712
-0.11621
-0.11761
-0.11628
-0.11822
-0.11723
-0.11829
-0.11844
-0.11804
-0.11804
-0.11816
-0.11840
-0.11915
-0.11842
-0.11802
-0.12102
-0.12095
-0.12168
-0.12070
-0.12078
-0.12095
-0.12121
-0.12126
-0.12222
-0.12271
-0.12274
-0.12282
-0.12340
-0.12373
-0.12429
-0.12500
-0.12518
-0.12445
-0.12539
-0.12631
-0.12549
-0.12594
-0.12650
-0.12534
-0.12607
-0.12585
-0.12628
-0.12704
-0.12715
-0.12844
-0.12777
-0.12838
-0.12786
-0.12859
-0.12919
-0.12980
-0.13027
-0.13020
-0.13091
-0.13075
-0.13161
-0.13154
-0.13139
-0.13187
-0.13076
-0.13165
-0.13268
-0.13267
-0.13272
-0.13433
-0.13274
-0.13472
-0.13451
-0.13379
-0.13499
-0.13362
-0.13533
-0.13552
-0.13486
-0.13515
-0.13591
-0.13689
-0.13736
-0.13877
-0.13843
-0.13849
-0.13783
-0.13844
-0.13875
-0.13793
-0.13889
