297.7021719	299.8369583
297.7239238	300.8369583
297.7403352	301.8369583
297.7499329	302.8369583
297.7732424	303.8369583
297.7713509	304.8369583
297.7728253	305.8369583
297.7929935	306.8369583
297.8058157	307.8369583
297.8125476	308.8369583
297.8237306	309.8369583
297.8279585	310.8369583
297.8376379	311.8369583
297.8575829	312.8369583
297.8769154	313.8369583
297.8890157	314.8369583
297.8884877	315.8369583
297.8972775	316.8369583
297.9050945	317.8369583
297.9199205	318.8369583
297.9338292	319.8369583
297.9398933	320.8369583
297.9395039	321.8369583
297.9497958	322.8369583
297.9673475	323.8369583
297.9720494	324.8369583
297.9931889	325.8369583
298.0012013	326.8369583
298.0160273	327.8369583
298.0148314	328.8369583
298.0283493	329.8369583
298.0381687	330.8369583
298.0428983	331.8369583
298.0521328	332.8369583
298.0496302	333.8369583
298.0601438	334.8369583
298.0670989	335.8369583
298.0876273	336.8369583
298.0821189	337.8369583
298.1002555	338.8369583
298.091632	339.8369583
298.1132469	340.8369583
298.1233988	341.8369583
298.1369181	342.8369583
298.1337476	343.8369583
298.1617313	344.8369583
298.164317	345.8369583
298.1780872	346.8369583
298.1921067	347.8369583
298.1871555	348.8369583
298.1969471	349.8369583
298.1913279	350.8369583
298.2098262	351.8369583
298.2209246	352.8369583
298.2278228	353.8369583
298.23041	354.8369583
298.238227	355.8369583
298.2533039	356.8369583
298.259311	357.8369583
298.2632618	358.8369583
298.2657659	359.8369583
298.2708557	360.8369583
298.2882412	361.8369583
298.2997013	362.8369583
298.3127481	363.8369583
298.3140825	364.8369583
298.3238188	365.8369583
298.3324977	366.8369583
298.3437069	367.8369583
298.338868	368.8369583
298.3502172	369.8369583
298.3521365	370.8369583
298.3612048	371.8369583
298.3782563	372.8369583
298.3726648	373.8369583
298.3877417	374.8369583
298.3878526	375.8369583
298.3990355	376.8369583
298.4095768	377.8369583
298.4123594	378.8369583
298.4166427	379.8369583
298.4208429	380.8369583
298.4329986	381.8369583
298.4358367	382.8369583
298.4610101	383.8369583
298.4567267	384.8369583
298.4654888	385.8369583
298.4742508	386.8369583
298.4768657	387.8369583
298.4862403	388.8369583
298.4977835	389.8369583
298.5019851	390.8369583
298.5103301	391.8369583
298.5101901	392.8369583
298.5213453	393.8369583
298.512945	394.8369583
298.528105	395.8369583
298.5362268	396.8369583
298.5420123	397.8369583
298.5386463	398.8369583
298.5556147	399.8369583
298.5728063	400.8369583
298.5748641	401.8369583
298.5788426	402.8369583
298.5817346	403.8369583
298.5884111	404.8369583
298.590886	405.8369583
298.5982305	406.8369583
298.6120269	407.8369583
298.6264913	408.8369583
298.6272715	409.8369583
298.6368123	410.8369583
298.6374803	411.8369583
298.6508873	412.8369583
298.6489958	413.8369583
298.6586474	414.8369583
298.6718882	415.8369583
298.6759775	416.8369583
298.6782308	417.8369583
298.6858246	418.8369583
298.7024868	419.8369583
298.6881887	420.8369583
298.7052125	421.8369583
298.715923	422.8369583
298.7121399	423.8369583
298.7173406	424.8369583
298.7331131	425.8369583
298.736396	426.8369583
298.7445455	427.8369583
298.7533367	428.8369583
298.7647136	429.8369583
298.7691632	430.8369583
298.7746161	431.8369583
298.7825163	432.8369583
298.7852697	433.8369583
298.7878015	434.8369583
298.8005683	435.8369583
298.8032386	436.8369583
298.8124469	437.8369583
298.8180661	438.8369583
298.8237407	439.8369583
298.829303	440.8369583
298.8332538	441.8369583
298.8331692	442.8369583
298.8429332	443.8369583
298.852808	444.8369583
298.8587058	445.8369583
298.8610421	446.8369583
298.8763421	447.8369583
298.8872728	448.8369583
298.8856875	449.8369583
298.8905834	450.8369583
298.8968982	451.8369583
298.910333	452.8369583
298.9200138	453.8369583
298.9227395	454.8369583
298.9220993	455.8369583
298.9331437	456.8369583
298.9327252	457.8369583
298.9425722	458.8369583
298.9457443	459.8369583
298.9518637	460.8369583
298.9583725	461.8369583
298.9794857	462.8369583
298.9865793	463.8369583
298.9785115	464.8369583
298.9965095	465.8369583
298.9934775	466.8369583
298.988888	467.8369583
299.0073863	468.8369583
299.005661	469.8369583
299.0217675	470.8369583
299.0224063	471.8369583
299.0341172	472.8369583
299.0429915	473.8369583
299.0447153	474.8369583
299.0519767	475.8369583
299.0617392	476.8369583
299.0631859	477.8369583
299.0609327	478.8369583
299.0718648	479.8369583
299.0795141	480.8369583
299.0911973	481.8369583
299.0961486	482.8369583
299.0908634	483.8369583
299.1077764	484.8369583
299.1164276	485.8369583
299.1214897	486.8369583
299.1226301	487.8369583
299.1268303	488.8369583
299.1267472	489.8369583
299.1444667	490.8369583
299.1543138	491.8369583
299.1623524	492.8369583
299.166942	493.8369583
299.1705311	494.8369583
299.1688058	495.8369583
299.185468	496.8369583
299.1799334	497.8369583
299.1872764	498.8369583
299.1995153	499.8369583
299.2027981	500.8369583
299.2015191	501.8369583
299.222326	502.8369583
299.2284455	503.8369583
299.2403226	504.8369583
299.2315883	505.8369583
299.2344541	506.8369583
299.2458864	507.8369583
299.2506145	508.8369583
299.254927	509.8369583
299.2687789	510.8369583
299.2815748	511.8369583
299.2761233	512.8369583
299.2920067	513.8369583
299.2997946	514.8369583
299.3044395	515.8369583
299.3127014	516.8369583
299.3144543	517.8369583
299.3175972	518.8369583
299.3261653	519.8369583
299.3359292	520.8369583
299.342772	521.8369583
299.3496425	522.8369583
299.3453869	523.8369583
299.3500042	524.8369583
299.3663601	525.8369583
299.3708111	526.8369583
299.3735923	527.8369583
299.3805751	528.8369583
299.3844136	529.8369583
299.3840796	530.8369583
299.3938159	531.8369583
299.4083079	532.8369583
299.4070843	533.8369583
299.416876	534.8369583
299.4188507	535.8369583
299.4244699	536.8369583
299.4322854	537.8369583
299.4530923	538.8369583
299.4496709	539.8369583
299.4634119	540.8369583
299.4621052	541.8369583
299.4655543	542.8369583
299.4678907	543.8369583
299.4812715	544.8369583
299.4829122	545.8369583
299.4894487	546.8369583
299.4935103	547.8369583
299.4987124	548.8369583
299.5074744	549.8369583
299.5150129	550.8369583
299.5298389	551.8369583
299.5291987	552.8369583
299.5350133	553.8369583
299.5434691	554.8369583
299.5451652	555.8369583
299.5513415	556.8369583
299.5615226	557.8369583
299.5493377	558.8369583
299.5609101	559.8369583
299.568921	560.8369583
299.5720085	561.8369583
299.5800486	562.8369583
299.595932	563.8369583
299.6024131	564.8369583
299.6009941	565.8369583
299.6056668	566.8369583
299.6181842	567.8369583
299.62895	568.8369583
299.6324823	569.8369583
299.6319266	570.8369583
299.6304522	571.8369583
299.6426356	572.8369583
299.6517316	573.8369583
299.6573785	574.8369583
299.6616064	575.8369583
299.6750981	576.8369583
299.6784072	577.8369583
299.6892562	578.8369583
299.6947645	579.8369583
299.6970454	580.8369583
299.6945691	581.8369583
299.7048056	582.8369583
299.7213292	583.8369583
299.7122332	584.8369583
299.7261696	585.8369583
299.726419	586.8369583
299.7357104	587.8369583
299.7328447	588.8369583
299.7482833	589.8369583
299.7524834	590.8369583
299.7512321	591.8369583
299.7555154	592.8369583
299.7654734	593.8369583
299.7758498	594.8369583
299.7800777	595.8369583
299.7907313	596.8369583
299.7948484	597.8369583
299.7992717	598.8369583
299.805168	599.8369583
299.8086448	600.8369583
299.8162401	601.8369583
299.823834	602.8369583
299.8256132	603.8369583
299.8394388	604.8369583
299.8284513	605.8369583
299.841692	606.8369583
299.8471435	607.8369583
299.8538478	608.8369583
299.864863	609.8369583
299.869508	610.8369583
299.8791611	611.8369583
299.8812466	612.8369583
299.8850851	613.8369583
299.8948214	614.8369583
299.9013579	615.8369583
299.9118175	616.8369583
299.9158237	617.8369583
299.9194668	618.8369583
299.9201625	619.8369583
299.9256431	620.8369583
299.931484	621.8369583
299.933848	622.8369583
299.9400798	623.8369583
299.9460606	624.8369583
299.9466163	625.8369583
299.9628337	626.8369583
299.9678957	627.8369583
299.9735149	628.8369583
299.9729593	629.8369583
299.979385	630.8369583
299.9842794	631.8369583
299.9972985	632.8369583
299.999384	633.8369583
300.0105115	634.8369583
300.0078135	635.8369583
300.0153228	636.8369583
300.0203309	637.8369583
300.0235292	638.8369583
300.0409424	639.8369583
300.0414441	640.8369583
300.0557962	641.8369583
300.0561855	642.8369583
300.0588282	643.8369583
300.0593576	644.8369583
300.0651153	645.8369583
300.0777713	646.8369583
300.0874244	647.8369583
300.0899562	648.8369583
300.0954353	649.8369583
300.110957	650.8369583
300.119636	651.8369583
300.1114296	652.8369583
300.125172	653.8369583
300.1223063	654.8369583
300.1427238	655.8369583
300.1366321	656.8369583
300.1401643	657.8369583
300.1505408	658.8369583
300.1404152	659.8369583
300.1630859	660.8369583
300.1649775	661.8369583
300.1620009	662.8369583
300.1797204	663.8369583
300.2059788	664.8369583
300.1991083	665.8369583
300.1984404	666.8369583
300.2055617	667.8369583
300.2075641	668.8369583
300.2085106	669.8369583
300.2132664	670.8369583
300.2195813	671.8369583
300.2161599	672.8369583
300.2346304	673.8369583
300.2462859	674.8369583
300.2573843	675.8369583
300.2485946	676.8369583
300.2554097	677.8369583
300.2566887	678.8369583
300.265563	679.8369583
300.2595544	680.8369583
300.2734617	681.8369583
300.2912643	682.8369583
300.2962447	683.8369583
300.2972452	684.8369583
300.2935744	685.8369583
300.3009451	686.8369583
300.3134071	687.8369583
300.3133794	688.8369583
300.3173842	689.8369583
300.323699	690.8369583
300.3300139	691.8369583
300.3477611	692.8369583
300.3451185	693.8369583
300.3524892	694.8369583
300.3628657	695.8369583
300.3606402	696.8369583
300.3771346	697.8369583
300.4135187	698.8369583
300.3760496	699.8369583
300.3945479	700.8369583
300.393158	701.8369583
300.3991666	702.8369583
300.403867	703.8369583
300.4088737	704.8369583
300.3983587	705.8369583
300.4169693	706.8369583
300.4173309	707.8369583
300.4299869	708.8369583
300.4350767	709.8369583
300.4443127	710.8369583
300.4521283	711.8369583
300.4521851	712.8369583
300.470488	713.8369583
300.4636729	714.8369583
300.4675391	715.8369583
300.4681794	716.8369583
300.487261	717.8369583
300.4890417	718.8369583
300.4879844	719.8369583
300.5005572	720.8369583
300.5010589	721.8369583
300.5047574	722.8369583
300.5159126	723.8369583
300.5122404	724.8369583
300.5223938	725.8369583
300.5272896	726.8369583
300.5343001	727.8369583
300.5431453	728.8369583
300.5374152	729.8369583
300.5495432	730.8369583
300.5550224	731.8369583
300.5555518	732.8369583
300.5743826	733.8369583
300.570127	734.8369583
300.5737439	735.8369583
300.5849254	736.8369583
300.5946339	737.8369583
300.5979445	738.8369583
300.6037576	739.8369583
300.6075407	740.8369583
300.6126874	741.8369583
300.6182497	742.8369583
300.6272626	743.8369583
300.6339668	744.8369583
300.6427012	745.8369583
300.6388627	746.8369583
300.6391412	747.8369583
300.647457	748.8369583
300.6594742	749.8369583
300.6585014	750.8369583
300.6705449	751.8369583
300.6858172	752.8369583
300.6871239	753.8369583
300.6919643	754.8369583
300.6967493	755.8369583
300.7005878	756.8369583
300.7077646	757.8369583
300.7106289	758.8369583
300.7198095	759.8369583
300.72654	760.8369583
300.72871	761.8369583
300.7254841	762.8369583
300.7380292	763.8369583
300.737389	764.8369583
300.7416446	765.8369583
300.7444826	766.8369583
300.7552747	767.8369583
300.7668748	768.8369583
300.7666517	769.8369583
300.7776961	770.8369583
300.785901	771.8369583
300.7852623	772.8369583
300.7847883	773.8369583
300.7988078	774.8369583
300.7973057	775.8369583
300.8135507	776.8369583
300.8260404	777.8369583
300.8277934	778.8369583
300.8285999	779.8369583
300.8371957	780.8369583
300.8390318	781.8369583
300.8420361	782.8369583
300.8485449	783.8369583
300.8559157	784.8369583
300.8583366	785.8369583
300.8652902	786.8369583
300.8659028	787.8369583
300.8761947	788.8369583
300.8782802	789.8369583
300.8889338	790.8369583
300.8871268	791.8369583
300.8934956	792.8369583
300.907766	793.8369583
300.9123833	794.8369583
300.915917	795.8369583
300.9234831	796.8369583
300.9269877	797.8369583
300.9335519	798.8369583
300.937809	799.8369583
300.9427033	800.8369583
300.9463202	801.8369583
300.9525504	802.8369583
300.9616479	803.8369583
300.9667931	804.8369583
300.9713827	805.8369583
300.9747487	806.8369583
300.9770573	807.8369583
300.9809235	808.8369583
300.9835107	809.8369583
300.9982536	810.8369583
301.0059875	811.8369583
301.0096306	812.8369583
301.0022044	813.8369583
301.0138585	814.8369583
301.0195331	815.8369583
301.0292139	816.8369583
301.0340543	817.8369583
301.0403969	818.8369583
301.0487695	819.8369583
301.0433166	820.8369583
301.0546381	821.8369583
301.052468	822.8369583
301.0762238	823.8369583
301.0660705	824.8369583
301.0704661	825.8369583
301.079145	826.8369583
301.0857646	827.8369583
301.0906882	828.8369583
301.0963351	829.8369583
301.100563	830.8369583
301.1132204	831.8369583
301.1213145	832.8369583
301.1204803	833.8369583
301.1356403	834.8369583
301.1387277	835.8369583
301.1484917	836.8369583
301.1476852	837.8369583
301.1474344	838.8369583
301.1518023	839.8369583
301.160398	840.8369583
301.1569766	841.8369583
301.1711625	842.8369583
301.1729432	843.8369583
301.179452	844.8369583
301.1817052	845.8369583
301.1881863	846.8369583
301.1911352	847.8369583
301.1990907	848.8369583
301.2095766	849.8369583
301.2129994	850.8369583
301.220481	851.8369583
301.2339726	852.8369583
301.232609	853.8369583
301.2275469	854.8369583
301.2326936	855.8369583
301.2414557	856.8369583
301.2494943	857.8369583
301.254835	858.8369583
301.2676586	859.8369583
301.2583949	860.8369583
301.2697442	861.8369583
301.2659902	862.8369583
301.2759482	863.8369583
301.2894383	864.8369583
301.3012892	865.8369583
301.2999534	866.8369583
301.3053786	867.8369583
301.3050446	868.8369583
301.319509	869.8369583
301.3191473	870.8369583
301.3275477	871.8369583
301.3272968	872.8369583
301.3359203	873.8369583
301.3398434	874.8369583
301.3412055	875.8369583
301.3584248	876.8369583
301.3566718	877.8369583
301.3623464	878.8369583
301.3714979	879.8369583
301.3651553	880.8369583
301.3732509	881.8369583
301.3847386	882.8369583
301.3899962	883.8369583
301.4034878	884.8369583
301.3998432	885.8369583
301.4000941	886.8369583
301.4014008	887.8369583
301.4127223	888.8369583
301.4175627	889.8369583
301.4330567	890.8369583
301.4345035	891.8369583
301.4400935	892.8369583
301.4414017	893.8369583
301.4453233	894.8369583
301.4539191	895.8369583
301.462598	896.8369583
301.4696639	897.8369583
301.4667428	898.8369583
301.4647404	899.8369583
301.4804006	900.8369583
301.488607	901.8369583
301.4883839	902.8369583
301.4935306	903.8369583
301.4981201	904.8369583
301.5149763	905.8369583
301.5160613	906.8369583
301.5188716	907.8369583
301.5238783	908.8369583
301.5276614	909.8369583
301.5410684	910.8369583
301.5409299	911.8369583
301.5465491	912.8369583
301.5423489	913.8369583
301.5436279	914.8369583
301.5582031	915.8369583
301.5644903	916.8369583
301.5669666	917.8369583
301.5637115	918.8369583
301.5694138	919.8369583
301.5755332	920.8369583
301.5894974	921.8369583
301.5914166	922.8369583
301.5961185	923.8369583
301.6039063	924.8369583
301.6082188	925.8369583
301.6150339	926.8369583
301.6174811	927.8369583
301.6241022	928.8369583
301.6330859	929.8369583
301.6393453	930.8369583
301.6477734	931.8369583
301.6474671	932.8369583
301.6572865	933.8369583
301.6556458	934.8369583
301.667857	935.8369583
301.6694145	936.8369583
301.6729482	937.8369583
301.6785951	938.8369583
301.6825999	939.8369583
301.6839912	940.8369583
301.6911957	941.8369583
301.694951	942.8369583
301.707747	943.8369583
301.7028512	944.8369583
301.7197904	945.8369583
301.7234627	946.8369583
301.7234627	947.8369583
301.7264392	948.8369583
301.7304163	949.8369583
301.7345333	950.8369583
301.7489423	951.8369583
301.7431291	952.8369583
301.7492486	953.8369583
301.7590402	954.8369583
301.7620168	955.8369583
301.76797	956.8369583
301.7748682	957.8369583
301.7746451	958.8369583
301.7865514	959.8369583
301.7913626	960.8369583
301.7888323	961.8369583
301.8023502	962.8369583
301.8165098	963.8369583
301.8089159	964.8369583
301.8131992	965.8369583
301.8224906	966.8369583
301.8362316	967.8369583
301.8246593	968.8369583
301.8356468	969.8369583
301.8546745	970.8369583
301.8427127	971.8369583
301.8459679	972.8369583
301.8474146	973.8369583
301.8651881	974.8369583
301.8598474	975.8369583
301.868277	976.8369583
301.8648556	977.8369583
301.8823796	978.8369583
301.8885822	979.8369583
301.8929778	980.8369583
301.8940906	981.8369583
301.9209338	982.8369583
301.9038822	983.8369583
301.9108359	984.8369583
301.9199042	985.8369583
301.9222959	986.8369583
301.9409065	987.8369583
301.937596	988.8369583
301.9353704	989.8369583
301.9492223	990.8369583
301.9436045	991.8369583
301.9449944	992.8369583
301.9623799	993.8369583
301.9676374	994.8369583
301.9808228	995.8369583
301.9776522	996.8369583
301.9732012	997.8369583
301.9858849	998.8369583
301.9927	999.8369583
301.9967893	1000.836958
301.9997105	1001.836958
302.0106149	1002.836958
302.0087788	1003.836958
302.0096407	1004.836958
302.0155662	1005.836958
302.0171514	1006.836958
302.0218241	1007.836958
302.0387094	1008.836958
302.0342307	1009.836958
302.0407949	1010.836958
302.0565952	1011.836958
302.0590438	1012.836958
302.0612679	1013.836958
302.0641336	1014.836958
302.0732297	1015.836958
302.0766233	1016.836958
302.082298	1017.836958
302.0885574	1018.836958
302.0920342	1019.836958
302.1009348	1020.836958
302.0964852	1021.836958
302.1100585	1022.836958
302.1095583	1023.836958
302.1189606	1024.836958
302.1245243	1025.836958
302.1279734	1026.836958
302.1364846	1027.836958
302.1438845	1028.836958
302.1408802	1029.836958
302.1550661	1030.836958
302.1488912	1031.836958
302.1485295	1032.836958
302.1566513	1033.836958
302.1663322	1034.836958
302.1789881	1035.836958
302.1858601	1036.836958
302.1799069	1037.836958
302.1809365	1038.836958
302.1915624	1039.836958
302.1934817	1040.836958
302.2002413	1041.836958
302.2172375	1042.836958
302.2161247	1043.836958
302.2202972	1044.836958
302.2222995	1045.836958
302.2283913	1046.836958
302.2326746	1047.836958
302.2465002	1048.836958
302.2495322	1049.836958
302.2500324	1050.836958
302.254762	1051.836958
302.2654433	1052.836958
302.2728986	1053.836958
302.2845249	1054.836958
302.2702283	1055.836958
302.2757906	1056.836958
302.2841632	1057.836958
302.2892822	1058.836958
302.2913677	1059.836958
302.3006314	1060.836958
302.3101723	1061.836958
302.3130103	1062.836958
302.3108402	1063.836958
302.3190451	1064.836958
302.3208813	1065.836958
302.3320642	1066.836958
302.3381559	1067.836958
302.3393518	1068.836958
302.3475305	1069.836958
302.352788	1070.836958
302.3554861	1071.836958
302.3628568	1072.836958
302.3688654	1073.836958
302.37454	1074.836958
302.3804377	1075.836958
302.3833852	1076.836958
302.3849996	1077.836958
302.3861955	1078.836958
302.3903403	1079.836958
302.3966828	1080.836958
302.4002982	1081.836958
302.4032471	1082.836958
302.4157645	1083.836958
302.4193521	1084.836958
302.4256393	1085.836958
302.431871	1086.836958
302.4429694	1087.836958
302.4431633	1088.836958
302.445278	1089.836958
302.4460014	1090.836958
302.4544017	1091.836958
302.4546803	1092.836958
302.462051	1093.836958
302.4750147	1094.836958
302.4762106	1095.836958
302.4804385	1096.836958
302.4831642	1097.836958
302.4926773	1098.836958
302.4942626	1099.836958
302.5036095	1100.836958
302.5001881	1101.836958
302.5029415	1102.836958
302.5182415	1103.836958
302.5192143	1104.836958
302.5217184	1105.836958
302.5336801	1106.836958
302.5313977	1107.836958
302.5370446	1108.836958
302.5464746	1109.836958
302.551315	1110.836958
302.5575468	1111.836958
302.5542085	1112.836958
302.5611621	1113.836958
302.5712046	1114.836958
302.5764621	1115.836958
302.5721497	1116.836958
302.5767947	1117.836958
302.5849456	1118.836958
302.5965734	1119.836958
302.5892566	1120.836958
302.5980479	1121.836958
302.6138744	1122.836958
302.6132633	1123.836958
302.6191596	1124.836958
302.6205509	1125.836958
302.6240554	1126.836958
302.6345427	1127.836958
302.6440836	1128.836958
302.6418026	1129.836958
302.6448901	1130.836958
302.6600778	1131.836958
302.6663095	1132.836958
302.6689521	1133.836958
302.6678117	1134.836958
302.6799951	1135.836958
302.6846401	1136.836958
302.6851695	1137.836958
302.6943486	1138.836958
302.7036401	1139.836958
302.6967127	1140.836958
302.7068106	1141.836958
302.7161852	1142.836958
302.7163514	1143.836958
302.7154618	1144.836958
302.7186324	1145.836958
302.7226109	1146.836958
302.733209	1147.836958
302.7387159	1148.836958
302.7404135	1149.836958
302.7433901	1150.836958
302.7546825	1151.836958
302.7587995	1152.836958
302.7617484	1153.836958
302.7671444	1154.836958
302.7738487	1155.836958
302.7781043	1156.836958
302.7855319	1157.836958
302.787896	1158.836958
302.8032514	1159.836958
302.7964086	1160.836958
302.7970474	1161.836958
302.8080904	1162.836958
302.811484	1163.836958
302.8230841	1164.836958
302.8285356	1165.836958
302.8211926	1166.836958
302.8351013	1167.836958
302.8402465	1168.836958
302.8395523	1169.836958
302.8507061	1170.836958
302.8544061	1171.836958
302.8534596	1172.836958
302.8633621	1173.836958
302.8611657	1174.836958
302.8681194	1175.836958
302.862611	1176.836958
302.8729598	1177.836958
302.8860897	1178.836958
302.8957137	1179.836958
302.8918475	1180.836958
302.8966879	1181.836958
302.903363	1182.836958
302.9028073	1183.836958
302.921695	1184.836958
302.914823	1185.836958
302.9191909	1186.836958
302.9182736	1187.836958
302.9344895	1188.836958
302.9339061	1189.836958
302.9377446	1190.836958
302.9553518	1191.836958
302.9572157	1192.836958
302.9539343	1193.836958
302.9564938	1194.836958
302.9549624	1195.836958
302.9634197	1196.836958
302.964337	1197.836958
302.9505406	1198.836958
302.9518196	1199.836958
302.989261	1200.836958
303.0003871	1201.836958
303.0054506	1202.836958
303.0112361	1203.836958
303.0099017	1204.836958
303.0176064	1205.836958
303.0242552	1206.836958
303.0228916	1207.836958
303.0309026	1208.836958
303.0226407	1209.836958
303.0337406	1210.836958
303.046452	1211.836958
303.0391644	1212.836958
303.0505413	1213.836958
303.0508476	1214.836958
303.0597482	1215.836958
303.067676	1216.836958
303.0820849	1217.836958
303.081891	1218.836958
303.0872039	1219.836958
303.0862297	1220.836958
303.0966616	1221.836958
303.098136	1222.836958
303.0975789	1223.836958
303.1031427	1224.836958
303.1070921	1225.836958
303.1040601	1226.836958
303.1311818	1227.836958
303.1247284	1228.836958
303.1247007	1229.836958
303.1348818	1230.836958
303.1489568	1231.836958
303.1502635	1232.836958
303.1483997	1233.836958
303.1587207	1234.836958
303.1662869	1235.836958
303.1540188	1236.836958
303.1659252	1237.836958
303.1655358	1238.836958
303.1703762	1239.836958
303.1743255	1240.836958
303.1839772	1241.836958
303.2001114	1242.836958
303.2023647	1243.836958
303.2081224	1244.836958
303.2027541	1245.836958
303.2132137	1246.836958
303.2138524	1247.836958
303.2213078	1248.836958
303.21925	1249.836958
303.2287077	1250.836958
303.2337975	1251.836958
303.2389441	1252.836958
303.2357444	1253.836958
303.2518786	1254.836958
303.2539087	1255.836958
303.2610855	1256.836958
303.2546321	1257.836958
303.2607515	1258.836958
303.254549	1259.836958
303.2721562	1260.836958
303.2806411	1261.836958
303.2832006	1262.836958
303.2914055	1263.836958
303.2994734	1264.836958
303.3063716	1265.836958
303.310738	1266.836958
303.3185273	1267.836958
303.3241742	1268.836958
303.3263166	1269.836958
303.3211976	1270.836958
303.3251747	1271.836958
303.331351	1272.836958
303.3416706	1273.836958
303.3462325	1274.836958
303.3406687	1275.836958
303.3476515	1276.836958
303.3574431	1277.836958
303.3608368	1278.836958
303.3734651	1279.836958
303.3763031	1280.836958
303.3802802	1281.836958
303.3852037	1282.836958
303.3874569	1283.836958
303.3947999	1284.836958
303.3966638	1285.836958
303.4035357	1286.836958
303.4026447	1287.836958
303.4099323	1288.836958
303.417583	1289.836958
303.4182772	1290.836958
303.4156638	1291.836958
303.3825334	1292.836958
303.411519	1293.836958
303.4085147	1294.836958
303.4422284	1295.836958
303.4422007	1296.836958
303.451797	1297.836958
303.4581118	1298.836958
303.4574439	1299.836958
303.4713803	1300.836958
303.4685423	1301.836958
303.4731318	1302.836958
303.4880702	1303.836958
303.4921595	1304.836958
303.491547	1305.836958
303.4940233	1306.836958
303.4992794	1307.836958
303.4979173	1308.836958
303.4988346	1309.836958
303.5103515	1310.836958
303.5249822	1311.836958
303.5300734	1312.836958
303.5262626	1313.836958
303.5301011	1314.836958
303.5414781	1315.836958
303.5351355	1316.836958
303.539308	1317.836958
303.5547188	1318.836958
303.5557762	1319.836958
303.5614785	1320.836958
303.5644274	1321.836958
303.5630915	1322.836958
303.5756643	1323.836958
303.5745239	1324.836958
303.5819792	1325.836958
303.5988353	1326.836958
303.6070694	1327.836958
303.6007837	1328.836958
303.6102968	1329.836958
303.6097674	1330.836958
303.611659	1331.836958
303.61981	1332.836958
303.6276824	1333.836958
303.6337464	1334.836958
303.6340235	1335.836958
303.6424807	1336.836958
303.6386145	1337.836958
303.6502131	1338.836958
303.6469317	1339.836958
303.6523278	1340.836958
303.6648729	1341.836958
303.6670153	1342.836958
303.6775566	1343.836958
303.679365	1344.836958
303.6872097	1345.836958
303.6875991	1346.836958
303.6958609	1347.836958
303.6960272	1348.836958
303.6964997	1349.836958
303.7001442	1350.836958
303.7104361	1351.836958
303.7112703	1352.836958
303.7129125	1353.836958
303.7145809	1354.836958
303.720534	1355.836958
303.7207849	1356.836958
303.7352215	1357.836958
303.7330237	1358.836958
303.7533859	1359.836958
303.7334131	1360.836958
303.7393109	1361.836958
303.7629821	1362.836958
303.7575583	1363.836958
303.753469	1364.836958
303.7721335	1365.836958
303.7624542	1366.836958
303.775361	1367.836958
303.7768631	1368.836958
303.7864593	1369.836958
303.7941641	1370.836958
303.7986705	1371.836958
303.796919	1372.836958
303.8187263	1373.836958
303.8152495	1374.836958
303.8121621	1375.836958
303.8266819	1376.836958
303.8302433	1377.836958
303.8292137	1378.836958
303.8278792	1379.836958
303.8442074	1380.836958
303.8526355	1381.836958
303.8524678	1382.836958
303.848797	1383.836958
303.84685	1384.836958
303.8541931	1385.836958
303.8263202	1386.836958
303.8466546	1387.836958
303.8704658	1388.836958
303.8843746	1389.836958
303.9030391	1390.836958
303.8999794	1391.836958
303.9067113	1392.836958
303.9050984	1393.836958
303.9042627	1394.836958
303.9153626	1395.836958
303.9155288	1396.836958
303.9261547	1397.836958
303.936976	1398.836958
303.9420381	1399.836958
303.9365866	1400.836958
303.9349167	1401.836958
303.9277122	1402.836958
303.948436	1403.836958
303.9505784	1404.836958
303.960147	1405.836958
303.9607872	1406.836958
303.9635129	1407.836958
303.9750007	1408.836958
303.9842644	1409.836958
303.9771708	1410.836958
303.9761135	1411.836958
303.9845693	1412.836958
304.0000632	1413.836958
303.9997862	1414.836958
304.0098826	1415.836958
304.0144722	1416.836958
304.0128038	1417.836958
304.0188124	1418.836958
304.0224569	1419.836958
304.0244316	1420.836958
304.0388959	1421.836958
304.0431238	1422.836958
304.0349466	1423.836958
304.0482151	1424.836958
304.0491878	1425.836958
304.0555581	1426.836958
304.0607602	1427.836958
304.0640416	1428.836958
304.0624009	1429.836958
304.064237	1430.836958
304.0689943	1431.836958
304.0803421	1432.836958
304.0886885	1433.836958
304.0892164	1434.836958
304.0975337	1435.836958
304.0929995	1436.836958
304.1035145	1437.836958
304.1087998	1438.836958
304.109634	1439.836958
304.1129168	1440.836958
304.0940568	1441.836958
304.092527	1442.836958
304.1125551	1443.836958
304.1043764	1444.836958
304.1208155	1445.836958
304.126547	1446.836958
304.1248217	1447.836958
304.1413453	1448.836958
304.1461288	1449.836958
304.1501074	1450.836958
304.1630142	1451.836958
304.1678546	1452.836958
304.1895788	1453.836958
304.1882152	1454.836958
304.1847661	1455.836958
304.1908301	1456.836958
304.1946701	1457.836958
304.1879658	1458.836958
304.2064364	1459.836958
304.2056285	1460.836958
304.2099964	1461.836958
304.2202328	1462.836958
304.2324717	1463.836958
304.2332796	1464.836958
304.2303585	1465.836958
304.2404841	1466.836958
304.247744	1467.836958
304.2511377	1468.836958
304.2478826	1469.836958
304.2564229	1470.836958
304.2452954	1471.836958
304.2602337	1472.836958
304.269162	1473.836958
304.2710258	1474.836958
304.2804281	1475.836958
304.2828199	1476.836958
304.2916111	1477.836958
304.2940306	1478.836958
304.3020138	1479.836958
304.3083564	1480.836958
304.3090243	1481.836958
304.3116392	1482.836958
304.320623	1483.836958
304.3247677	1484.836958
304.3320845	1485.836958
304.3271609	1486.836958
304.3298867	1487.836958
304.3377022	1488.836958
304.3372574	1489.836958
304.3451021	1490.836958
304.3457424	1491.836958
304.3504151	1492.836958
304.3501088	1493.836958
304.3611241	1494.836958
304.3602899	1495.836958
304.3671604	1496.836958
304.3684962	1497.836958
304.378899	1498.836958
304.3826543	1499.836958
304.3904991	1500.836958
304.3920012	1501.836958
304.3953949	1502.836958
304.4051588	1503.836958
304.3975358	1504.836958
304.4138655	1505.836958
304.4148659	1506.836958
304.4085234	1507.836958
304.4327809	1508.836958
304.4356729	1509.836958
304.4326409	1510.836958
304.4437407	1511.836958
304.4417092	1512.836958
304.4458262	1513.836958
304.4541989	1514.836958
304.4570923	1515.836958
304.4586776	1516.836958
304.468163	1517.836958
304.4655758	1518.836958
304.4735868	1519.836958
304.4659652	1520.836958
304.4752289	1521.836958
304.492419	1522.836958
304.4809312	1523.836958
304.4955342	1524.836958
304.5018213	1525.836958
304.508581	1526.836958
304.5089426	1527.836958
304.5248815	1528.836958
304.5213492	1529.836958
304.5271624	1530.836958
304.5287754	1531.836958
304.5254925	1532.836958
304.5252431	1533.836958
304.5374266	1534.836958
304.543212	1535.836958
304.5579549	1536.836958
304.554061	1537.836958
304.5559803	1538.836958
304.5702784	1539.836958
304.5707786	1540.836958
304.5701675	1541.836958
304.585717	1542.836958
304.5905005	1543.836958
304.5895277	1544.836958
304.5801532	1545.836958
304.5893877	1546.836958
304.5923643	1547.836958
304.5994025	1548.836958
304.6082754	1549.836958
304.6121693	1550.836958
304.6157862	1551.836958
304.6246313	1552.836958
304.6244374	1553.836958
304.6286652	1554.836958
304.6425185	1555.836958
304.6420446	1556.836958
304.6467187	1557.836958
304.6450766	1558.836958
304.6584851	1559.836958
304.6553976	1560.836958
304.6580125	1561.836958
304.6641043	1562.836958
304.6595147	1563.836958
304.6566489	1564.836958
304.680237	1565.836958
304.6847435	1566.836958
304.6940072	1567.836958
304.6957033	1568.836958
304.6985136	1569.836958
304.706774	1570.836958
304.7126995	1571.836958
304.7164825	1572.836958
304.7107248	1573.836958
304.717429	1574.836958
304.7322551	1575.836958
304.7319211	1576.836958
304.7305021	1577.836958
304.7340066	1578.836958
304.7357042	1579.836958
304.7406554	1580.836958
304.7414065	1581.836958
304.7528943	1582.836958
304.7570113	1583.836958
304.7570945	1584.836958
304.7672201	1585.836958
304.7816845	1586.836958
304.788027	1587.836958
304.7835206	1588.836958
304.7910313	1589.836958
304.7940911	1590.836958
304.793006	1591.836958
304.8008784	1592.836958
304.8043552	1593.836958
304.80277	1594.836958
304.8117828	1595.836958
304.8236046	1596.836958
304.8256624	1597.836958
304.8253576	1598.836958
304.8249682	1599.836958
304.8379858	1600.836958
304.8372071	1601.836958
304.8424092	1602.836958
304.8418798	1603.836958
304.8507264	1604.836958
304.863744	1605.836958
304.8539524	1606.836958
304.8563733	1607.836958
304.8720612	1608.836958
304.8728123	1609.836958
304.8742868	1610.836958
304.8791549	1611.836958
304.887055	1612.836958
304.9000449	1613.836958
304.8934253	1614.836958
304.8972069	1615.836958
304.9076111	1616.836958
304.9115327	1617.836958
304.9225203	1618.836958
304.9246904	1619.836958
304.9246904	1620.836958
304.9285012	1621.836958
304.9281395	1622.836958
304.9341204	1623.836958
304.948697	1624.836958
304.9362904	1625.836958
304.9484739	1626.836958
304.9527018	1627.836958
304.9562909	1628.836958
304.9569019	1629.836958
304.9607959	1630.836958
304.9631337	1631.836958
304.9681958	1632.836958
304.9775426	1633.836958
304.9895583	1634.836958
304.9822984	1635.836958
304.9898092	1636.836958
304.9960132	1637.836958
304.9864986	1638.836958
305.0003242	1639.836958
305.0113672	1640.836958
305.0149271	1641.836958
305.026638	1642.836958
305.0168478	1643.836958
305.0212974	1644.836958
305.0234952	1645.836958
305.0382935	1646.836958
305.0514789	1647.836958
305.0390723	1648.836958
305.0438019	1649.836958
305.0569595	1650.836958
305.0563193	1651.836958
305.0623279	1652.836958
305.0543724	1653.836958
305.0557622	1654.836958
305.0656939	1655.836958
305.0943163	1656.836958
305.0904224	1657.836958
305.0894482	1658.836958
305.0929542	1659.836958
305.0896436	1660.836958
305.09785	1661.836958
305.0960693	1662.836958
305.093593	1663.836958
305.1047205	1664.836958
305.1016608	1665.836958
305.1206039	1666.836958
305.1190741	1667.836958
305.1246087	1668.836958
305.1286149	1669.836958
305.1418557	1670.836958
305.1475303	1671.836958
305.1491156	1672.836958
305.153816	1673.836958
305.1515073	1674.836958
305.1663334	1675.836958
305.1634691	1676.836958
305.1629966	1677.836958
305.1670013	1678.836958
305.1679201	1679.836958
305.1823568	1680.836958
305.1843591	1681.836958
305.1927318	1682.836958
305.2014107	1683.836958
305.1924532	1684.836958
305.2003534	1685.836958
305.206502	1686.836958
305.2076147	1687.836958
305.2116195	1688.836958
305.2233304	1689.836958
305.2269195	1690.836958
305.2303117	1691.836958
305.2362095	1692.836958
305.2277537	1693.836958
305.2346519	1694.836958
305.2412716	1695.836958
305.2505076	1696.836958
305.253595	1697.836958
305.2502845	1698.836958
305.2610503	1699.836958
305.2597422	1700.836958
305.2685319	1701.836958
305.2755147	1702.836958
305.2749299	1703.836958
305.2804382	1704.836958
305.2876427	1705.836958
305.3020794	1706.836958
305.2959877	1707.836958
305.2958768	1708.836958
305.2991859	1709.836958
305.3023856	1710.836958
305.3118987	1711.836958
305.3122881	1712.836958
305.3174071	1713.836958
305.323248	1714.836958
305.3325103	1715.836958
305.3379355	1716.836958
305.3372398	1717.836958
305.3385466	1718.836958
305.3426636	1719.836958
305.3508146	1720.836958
305.3499235	1721.836958
305.3604385	1722.836958
305.3588532	1723.836958
305.3609956	1724.836958
305.3668919	1725.836958
305.3743195	1726.836958
305.3774624	1727.836958
305.395933	1728.836958
305.3810792	1729.836958
305.3827476	1730.836958
305.3947925	1731.836958
305.3990481	1732.836958
305.4088952	1733.836958
305.4209955	1734.836958
305.4190762	1735.836958
305.4186037	1736.836958
305.4247509	1737.836958
305.4282554	1738.836958
305.4342085	1739.836958
305.4389104	1740.836958
305.4402171	1741.836958
305.4422195	1742.836958
305.4510107	1743.836958
305.4541536	1744.836958
305.4598559	1745.836958
305.4650303	1746.836958
305.4636944	1747.836958
305.4724564	1748.836958
305.4729581	1749.836958
305.4844736	1750.836958
305.4826098	1751.836958
305.4794946	1752.836958
305.4867822	1753.836958
305.4906207	1754.836958
305.5047803	1755.836958
305.5062256	1756.836958
305.5042232	1757.836958
305.5159895	1758.836958
305.5173254	1759.836958
305.5253641	1760.836958
305.524807	1761.836958
305.5278113	1762.836958
305.5358791	1763.836958
305.5364625	1764.836958
305.5421094	1765.836958
305.5465327	1766.836958
305.5616096	1767.836958
305.5535418	1768.836958
305.5571586	1769.836958
305.5594949	1770.836958
305.5612756	1771.836958
305.5715121	1772.836958
305.5724017	1773.836958
305.5807467	1774.836958
305.5761571	1775.836958
305.5883405	1776.836958
305.5880066	1777.836958
305.5919019	1778.836958
305.6053367	1779.836958
305.6120963	1780.836958
305.6051427	1781.836958
305.6167136	1782.836958
305.6182712	1783.836958
305.6282583	1784.836958
305.6203304	1785.836958
305.6342669	1786.836958
305.6386333	1787.836958
305.6401077	1788.836958
305.6462272	1789.836958
305.652876	1790.836958
305.6580781	1791.836958
305.6574101	1792.836958
305.6507059	1793.836958
305.6569085	1794.836958
305.6651148	1795.836958
305.6787727	1796.836958
305.6772706	1797.836958
305.6895109	1798.836958
305.6875071	1799.836958
305.6887321	1800.836958
305.6927369	1801.836958
305.6941282	1802.836958
305.7002476	1803.836958
305.704948	1804.836958
305.7021114	1805.836958
305.7202757	1806.836958
305.718635	1807.836958
305.7247268	1808.836958
305.7222227	1809.836958
305.7246991	1810.836958
305.7391357	1811.836958
305.7464787	1812.836958
305.7501787	1813.836958
305.7431682	1814.836958
305.7563535	1815.836958
305.7530998	1816.836958
305.7751304	1817.836958
305.769762	1818.836958
305.7697897	1819.836958
305.769762	1820.836958
305.7747964	1821.836958
305.7812498	1822.836958
305.7872861	1823.836958
305.7850883	1824.836958
305.7928499	1825.836958
305.7969378	1826.836958
305.815436	1827.836958
305.8074251	1828.836958
305.8060338	1829.836958
305.8183849	1830.836958
305.8180509	1831.836958
305.8253954	1832.836958
305.8339898	1833.836958
305.8319597	1834.836958
305.8418622	1835.836958
305.8364661	1836.836958
305.8439491	1837.836958
305.8520709	1838.836958
305.8569391	1839.836958
305.8499286	1840.836958
305.8530451	1841.836958
305.8679266	1842.836958
305.8751311	1843.836958
305.8838654	1844.836958
305.8763824	1845.836958
305.8823633	1846.836958
305.8819462	1847.836958
305.8869528	1848.836958
305.8973847	1849.836958
305.9004999	1850.836958
305.9045061	1851.836958
305.9081215	1852.836958
305.9106255	1853.836958
305.9181917	1854.836958
305.9220856	1855.836958
305.9222241	1856.836958
305.9278156	1857.836958
305.9332394	1858.836958
305.9323775	1859.836958
305.9466202	1860.836958
305.9504864	1861.836958
305.9536292	1862.836958
305.9519054	1863.836958
305.9543803	1864.836958
305.970236	1865.836958
305.9651462	1866.836958
305.9672594	1867.836958
305.9792766	1868.836958
305.9824471	1869.836958
305.987149	1870.836958
305.9832274	1871.836958
305.9942703	1872.836958
305.9972192	1873.836958
305.9980811	1874.836958
306.0019473	1875.836958
306.0108771	1876.836958
306.0176353	1877.836958
306.0057027	1878.836958
306.024535	1879.836958
306.0262034	1880.836958
306.0250906	1881.836958
306.0281503	1882.836958
306.0290968	1883.836958
306.0483462	1884.836958
306.0524618	1885.836958
306.0489295	1886.836958
306.0561617	1887.836958
306.055189	1888.836958
306.062198	1889.836958
306.0662874	1890.836958
306.0787216	1891.836958
306.076607	1892.836958
306.0726576	1893.836958
306.0848411	1894.836958
306.0863432	1895.836958
306.0893198	1896.836958
306.0915176	1897.836958
306.0977202	1898.836958
306.1013647	1899.836958
306.1081521	1900.836958
306.1117951	1901.836958
306.1167464	1902.836958
306.1158013	1903.836958
306.1173589	1904.836958
306.1206126	1905.836958
306.1255376	1906.836958
306.1295424	1907.836958
306.1440344	1908.836958
306.1448701	1909.836958
306.1441744	1910.836958
306.1496259	1911.836958
306.158388	1912.836958
306.1611983	1913.836958
306.1716564	1914.836958
306.1620325	1915.836958
306.1637855	1916.836958
306.1779159	1917.836958
306.1752456	1918.836958
306.1816158	1919.836958
306.1890974	1920.836958
306.1907395	1921.836958
306.2019765	1922.836958
306.2047591	1923.836958
306.2119082	1924.836958
306.2003358	1925.836958
306.2097104	1926.836958
306.2093764	1927.836958
306.2121298	1928.836958
306.2142722	1929.836958
306.2297108	1930.836958
306.2315469	1931.836958
306.2404752	1932.836958
306.2359411	1933.836958
306.2445645	1934.836958
306.2414494	1935.836958
306.2464838	1936.836958
306.2538837	1937.836958
306.2570542	1938.836958
306.2610605	1939.836958
306.2713524	1940.836958
306.2734656	1941.836958
306.2771932	1942.836958
306.28437	1943.836958
306.2798358	1944.836958
306.2882085	1945.836958
306.2932997	1946.836958
306.2941062	1947.836958
306.3007536	1948.836958
306.2983618	1949.836958
306.311658	1950.836958
306.3197536	1951.836958
306.3116026	1952.836958
306.3190302	1953.836958
306.32412	1954.836958
306.3331052	1955.836958
306.3370822	1956.836958
306.3329652	1957.836958
306.341561	1958.836958
306.3484038	1959.836958
306.3523546	1960.836958
306.3492103	1961.836958
306.3636484	1962.836958
306.3566379	1963.836958
306.3687382	1964.836958
306.3667635	1965.836958
306.3630636	1966.836958
306.3684873	1967.836958
306.3849001	1968.836958
306.3900453	1969.836958
306.3865685	1970.836958
306.3954137	1971.836958
306.3866516	1972.836958
306.4005881	1973.836958
306.407988	1974.836958
306.405901	1975.836958
306.4141351	1976.836958
306.3985857	1977.836958
306.3889326	1978.836958
306.3738003	1979.836958
306.3751084	1980.836958
306.3616722	1981.836958
306.3563316	1982.836958
306.3437311	1983.836958
306.3425629	1984.836958
306.349238	1985.836958
306.3401142	1986.836958
306.3316862	1987.836958
306.3280708	1988.836958
306.3237583	1989.836958
306.3208095	1990.836958
306.3100728	1991.836958
306.3092108	1992.836958
306.3054278	1993.836958
306.3034808	1994.836958
306.2964426	1995.836958
306.2853996	1996.836958
306.2876251	1997.836958
306.2872912	1998.836958
306.2707398	1999.836958
306.2721866	2000.836958
306.2605588	2001.836958
306.2623672	2002.836958
306.2579716	2003.836958
306.2537714	2004.836958
306.2528541	2005.836958
306.2496821	2006.836958
306.2402535	2007.836958
306.2474303	2008.836958
306.2390562	2009.836958
306.2342449	2010.836958
306.2410877	2011.836958
306.2355794	2012.836958
306.2278747	2013.836958
306.2182215	2014.836958
306.2194743	2015.836958
306.2121575	2016.836958
306.2176105	2017.836958
306.2132426	2018.836958
306.2150787	2019.836958
306.2159683	2020.836958
306.204342	2021.836958
306.2113788	2022.836958
306.205287	2023.836958
306.202589	2024.836958
306.2004189	2025.836958
306.2027567	2026.836958
306.179612	2027.836958
306.1744668	2028.836958
306.1832565	2029.836958
306.1817267	2030.836958
306.1754949	2031.836958
306.1766077	2032.836958
306.1750224	2033.836958
306.1700435	2034.836958
306.1724629	2035.836958
306.1656201	2036.836958
306.1683473	2037.836958
306.168569	2038.836958
306.1551066	2039.836958
306.1539938	2040.836958
306.1427277	2041.836958
306.1487917	2042.836958
306.1528256	2043.836958
306.1509618	2044.836958
306.1397234	2045.836958
306.1423106	2046.836958
306.148958	2047.836958
306.1416149	2048.836958
306.1376656	2049.836958
306.138055	2050.836958
306.1461491	2051.836958
306.1438959	2052.836958
306.1196398	2053.836958
306.1326852	2054.836958
306.12384	2055.836958
306.130238	2056.836958
306.1195567	2057.836958
306.1192782	2058.836958
306.1254807	2059.836958
306.1097928	2060.836958
306.1183608	2061.836958
306.10868	2062.836958
306.1100159	2063.836958
306.1073733	2064.836958
306.1132696	2065.836958
306.1064268	2066.836958
306.0988052	2067.836958
306.0895138	2068.836958
306.0897092	2069.836958
306.0969137	2070.836958
306.0865372	2071.836958
306.0865372	2072.836958
306.0872328	2073.836958
306.0793619	2074.836958
306.08409	2075.836958
306.079779	2076.836958
306.0802792	2077.836958
306.0739921	2078.836958
306.0732964	2079.836958
306.0763576	2080.836958
306.0798621	2081.836958
306.0717666	2082.836958
306.066843	2083.836958
306.0740198	2084.836958
306.067317	2085.836958
306.0586935	2086.836958
306.0529635	2087.836958
306.049125	2088.836958
306.0586381	2089.836958
306.0514336	2090.836958
306.050738	2091.836958
306.0502931	2092.836958
306.0543825	2093.836958
306.0428655	2094.836958
306.0401675	2095.836958
306.0443954	2096.836958
306.0395273	2097.836958
306.037942	2098.836958
306.0415034	2099.836958
306.0430887	2100.836958
306.0411417	2101.836958
306.0273161	2102.836958
306.0315994	2103.836958
306.0268159	2104.836958
306.0323228	2105.836958
306.0340758	2106.836958
306.0317394	2107.836958
306.0170796	2108.836958
306.018137	2109.836958
306.0221694	2110.836958
306.0151327	2111.836958
306.0165517	2112.836958
306.0279286	2113.836958
306.0148818	2114.836958
306.011933	2115.836958
306.0108494	2116.836958
306.0082068	2117.836958
306.0019196	2118.836958
306.0092349	2119.836958
305.9997495	2120.836958
306.0009731	2121.836958
305.9984151	2122.836958
306.0014194	2123.836958
305.9979411	2124.836958
305.9936855	2125.836958
305.9904873	2126.836958
305.9968284	2127.836958
305.9948537	2128.836958
305.9899302	2129.836958
305.985536	2130.836958
305.9868427	2131.836958
305.9799168	2132.836958
305.9877892	2133.836958
305.9912938	2134.836958
305.9835599	2135.836958
305.9668423	2136.836958
305.9686507	2137.836958
305.9770511	2138.836958
305.9832551	2139.836958
305.9671208	2140.836958
305.9721829	2141.836958
305.967955	2142.836958
305.9642843	2143.836958
305.9667037	2144.836958
305.9583034	2145.836958
305.9731017	2146.836958
305.9614185	2147.836958
305.9599441	2148.836958
305.9540186	2149.836958
305.9602226	2150.836958
305.9529627	2151.836958
305.949763	2152.836958
305.9487057	2153.836958
305.9428648	2154.836958
305.9425863	2155.836958
305.9458968	2156.836958
305.9401945	2157.836958
305.9466479	2158.836958
305.9377181	2159.836958
305.9398328	2160.836958
305.939248	2161.836958
305.9280388	2162.836958
305.9319327	2163.836958
305.935688	2164.836958
305.9364114	2165.836958
305.932656	2166.836958
305.927871	2167.836958
305.9283159	2168.836958
305.9247559	2169.836958
305.9213899	2170.836958
305.9213622	2171.836958
305.9169112	2172.836958
305.9146857	2173.836958
305.9181363	2174.836958
305.9179963	2175.836958
305.9220025	2176.836958
305.9215008	2177.836958
305.9156045	2178.836958
305.9131004	2179.836958
305.9156045	2180.836958
305.9081492	2181.836958
305.9060082	2182.836958
305.906787	2183.836958
305.9027254	2184.836958
305.9044784	2185.836958
305.9081215	2186.836958
305.9075104	2187.836958
305.8986361	2188.836958
305.9001105	2189.836958
305.8937956	2190.836958
305.8969122	2191.836958
305.9003613	2192.836958
305.8945467	2193.836958
305.8874254	2194.836958
305.8838654	2195.836958
305.8884273	2196.836958
305.8851167	2197.836958
305.8914593	2198.836958
305.8839485	2199.836958
305.8779968	2200.836958
305.8800546	2201.836958
305.8769395	2202.836958
305.8788033	2203.836958
305.8825587	2204.836958
305.870069	2205.836958
305.8743246	2206.836958
305.8708478	2207.836958
305.8747971	2208.836958
305.8712372	2209.836958
305.8682052	2210.836958
305.8653394	2211.836958
305.8601373	2212.836958
305.8614732	2213.836958
305.8621135	2214.836958
305.8561603	2215.836958
305.8621966	2216.836958
305.8605836	2217.836958
305.8573007	2218.836958
305.8525158	2219.836958
305.8548244	2220.836958
305.8442539	2221.836958
305.8447833	2222.836958
305.8494837	2223.836958
305.8544073	2224.836958
305.8478985	2225.836958
305.8431412	2226.836958
305.8395258	2227.836958
305.8366878	2228.836958
305.8342129	2229.836958
305.8364938	2230.836958
305.8375512	2231.836958
305.8368832	2232.836958
305.8359936	2233.836958
305.8334341	2234.836958
305.8324322	2235.836958
305.8304575	2236.836958
305.8312363	2237.836958
305.8238364	2238.836958
305.8233639	2239.836958
305.8186081	2240.836958
305.8206104	2241.836958
305.8253954	2242.836958
305.8249769	2243.836958
305.8151298	2244.836958
305.8193023	2245.836958
305.8102631	2246.836958
305.8137954	2247.836958
305.8149635	2248.836958
305.8156315	2249.836958
305.8206659	2250.836958
305.8164934	2251.836958
305.8176616	2252.836958
305.8126549	2253.836958
305.8018059	2254.836958
305.7983014	2255.836958
305.8086764	2256.836958
305.8076205	2257.836958
305.8013057	2258.836958
305.8023353	2259.836958
305.7971332	2260.836958
305.7965207	2261.836958
305.7934332	2262.836958
305.789761	2263.836958
305.7807496	2264.836958
305.798997	2265.836958
305.7953248	2266.836958
305.7894562	2267.836958
305.7836693	2268.836958
305.7749349	2269.836958
305.7798308	2270.836958
305.7832522	2271.836958
305.7694835	2272.836958
305.7800539	2273.836958
305.7743239	2274.836958
305.7745456	2275.836958
305.7765202	2276.836958
305.7726263	2277.836958
305.7689541	2278.836958
305.7694835	2279.836958
305.7684538	2280.836958
305.7689541	2281.836958
305.765311	2282.836958
305.76086	2283.836958
305.7607491	2284.836958
305.763698	2285.836958
305.7615556	2286.836958
305.7658944	2287.836958
305.7611662	2288.836958
305.7616942	2289.836958
305.7657835	2290.836958
305.7607768	2291.836958
305.7619727	2292.836958
305.7467019	2293.836958
305.7451443	2294.836958
305.7474252	2295.836958
305.7419723	2296.836958
305.7408595	2297.836958
305.7441701	2298.836958
305.738634	2299.836958
305.7374936	2300.836958
305.7384123	2301.836958
305.7325146	2302.836958
305.7288438	2303.836958
305.7273694	2304.836958
305.7355189	2305.836958
305.7282036	2306.836958
305.7365208	2307.836958
305.7351018	2308.836958
305.7389957	2309.836958
305.7285098	2310.836958
305.7264506	2311.836958
305.7220564	2312.836958
305.7232523	2313.836958
305.7237248	2314.836958
305.7190521	2315.836958
305.710067	2316.836958
305.7127373	2317.836958
305.7270631	2318.836958
305.7201649	2319.836958
305.7058945	2320.836958
305.7171606	2321.836958
305.7102332	2322.836958
305.7135161	2323.836958
305.7090096	2324.836958
305.7122648	2325.836958
305.6993857	2326.836958
305.6951009	2327.836958
305.6972156	2328.836958
305.7027517	2329.836958
305.6994688	2330.836958
305.6967985	2331.836958
305.6978835	2332.836958
305.7060608	2333.836958
305.6911793	2334.836958
305.6926537	2335.836958
305.6914856	2336.836958
305.6800532	2337.836958
305.6885644	2338.836958
305.6843088	2339.836958
305.6877025	2340.836958
305.6788281	2341.836958
305.6833069	2342.836958
305.6807474	2343.836958
305.682445	2344.836958
305.6851984	2345.836958
305.6730427	2346.836958
305.6704555	2347.836958
305.6748511	2348.836958
305.6806088	2349.836958
305.6747403	2350.836958
305.6621937	2351.836958
305.6735152	2352.836958
305.6756299	2353.836958
305.6704832	2354.836958
305.6701492	2355.836958
305.6599973	2356.836958
305.6612209	2357.836958
305.6623337	2358.836958
305.6640021	2359.836958
305.6686471	2360.836958
305.6566314	2361.836958
305.6518464	2362.836958
305.6558803	2363.836958
305.6581058	2364.836958
305.6545721	2365.836958
305.6558249	2366.836958
305.6628062	2367.836958
305.6585506	2368.836958
305.6476739	2369.836958
305.6520141	2370.836958
305.6435568	2371.836958
305.6431952	2372.836958
305.6391058	2373.836958
305.6518464	2374.836958
305.6455592	2375.836958
305.6448096	2376.836958
305.6413868	2377.836958
305.644391	2378.836958
305.6339606	2379.836958
305.6367695	2380.836958
305.6347671	2381.836958
305.6299544	2382.836958
305.6292879	2383.836958
305.6185774	2384.836958
305.6279243	2385.836958
305.6277566	2386.836958
305.6248369	2387.836958
305.6341823	2388.836958
305.6217495	2389.836958
305.633071	2390.836958
305.6246137	2391.836958
305.6191346	2392.836958
305.6222497	2393.836958
305.6211923	2394.836958
305.6133753	2395.836958
305.614071	2396.836958
305.6171876	2397.836958
305.617437	2398.836958
305.6167136	2399.836958
305.6146835	2400.836958
305.6146558	2401.836958
305.6185774	2402.836958
305.6044748	2403.836958
305.6007748	2404.836958
305.6049473	2405.836958
305.5951556	2406.836958
305.595545	2407.836958
305.603028	2408.836958
305.609232	2409.836958
305.5958236	2410.836958
305.5911786	2411.836958
305.5946	2412.836958
305.5966023	2413.836958
305.5906492	2414.836958
305.5885914	2415.836958
305.5784934	2416.836958
305.577687	2417.836958
305.5878957	2418.836958
305.5912617	2419.836958
305.5776592	2420.836958
305.5781041	2421.836958
305.5799956	2422.836958
305.5833339	2423.836958
305.5799125	2424.836958
305.5762971	2425.836958
305.5726249	2426.836958
305.5708165	2427.836958
305.5733759	2428.836958
305.5691203	2429.836958
305.576825	2430.836958
305.5697314	2431.836958
305.5658098	2432.836958
305.580191	2433.836958
305.5720123	2434.836958
305.5714844	2435.836958
305.5717907	2436.836958
305.5725417	2437.836958
305.5735699	2438.836958
305.5594672	2439.836958
305.5646693	2440.836958
305.5721801	2441.836958
305.5641399	2442.836958
305.5597458	2443.836958
305.549397	2444.836958
305.5570477	2445.836958
305.5418031	2446.836958
305.5505666	2447.836958
305.5518179	2448.836958
305.547924	2449.836958
305.5413306	2450.836958
305.5447243	2451.836958
305.5367965	2452.836958
305.5358237	2453.836958
305.5375752	2454.836958
305.5419986	2455.836958
305.5390774	2456.836958
305.5463373	2457.836958
305.5434453	2458.836958
305.5512885	2459.836958
305.5305662	2460.836958
305.5222213	2461.836958
305.53599	2462.836958
305.5332642	2463.836958
305.5355174	2464.836958
305.5312896	2465.836958
305.5336536	2466.836958
305.5292303	2467.836958
305.5297028	2468.836958
305.5327348	2469.836958
305.5149045	2470.836958
305.521775	2471.836958
305.5215256	2472.836958
305.5103703	2473.836958
305.5183828	2474.836958
305.5290086	2475.836958
305.5235003	2476.836958
305.5169914	2477.836958
305.5100364	2478.836958
305.5088959	2479.836958
305.5114554	2480.836958
305.5105658	2481.836958
305.5116231	2482.836958
305.5015806	2483.836958
305.508174	2484.836958
305.4979652	2485.836958
305.5076446	2486.836958
305.4935419	2487.836958
305.5007187	2488.836958
305.493014	2489.836958
305.4919566	2490.836958
305.4948486	2491.836958
305.4948486	2492.836958
305.4939867	2493.836958
305.4921783	2494.836958
305.4867545	2495.836958
305.4920675	2496.836958
305.4950163	2497.836958
305.4731521	2498.836958
305.47368	2499.836958
305.4683671	2500.836958
305.4754884	2501.836958
305.4748774	2502.836958
305.4736246	2503.836958
305.4717885	2504.836958
305.4713991	2505.836958
305.4644177	2506.836958
305.4608578	2507.836958
305.4606901	2508.836958
305.4600499	2509.836958
305.4559051	2510.836958
305.4534579	2511.836958
305.449424	2512.836958
305.4442788	2513.836958
305.4429983	2514.836958
305.4482558	2515.836958
305.4414961	2516.836958
305.4348211	2517.836958
305.4407174	2518.836958
305.4374914	2519.836958
305.4334575	2520.836958
305.4418301	2521.836958
305.4365449	2522.836958
305.4381025	2523.836958
305.435015	2524.836958
305.4295081	2525.836958
305.4287294	2526.836958
305.4194656	2527.836958
305.4242783	2528.836958
305.4198273	2529.836958
305.4236381	2530.836958
305.4183806	2531.836958
305.4140419	2532.836958
305.4096185	2533.836958
305.4062249	2534.836958
305.4067265	2535.836958
305.401663	2536.836958
305.4028035	2537.836958
305.3965732	2538.836958
305.3970734	2539.836958
305.3981585	2540.836958
305.3947648	2541.836958
305.4026926	2542.836958
305.3963223	2543.836958
305.3889239	2544.836958
305.389007	2545.836958
305.3885899	2546.836958
305.3770453	2547.836958
305.3884776	2548.836958
305.3742641	2549.836958
305.375794	2550.836958
305.3809115	2551.836958
305.3723172	2552.836958
305.3821642	2553.836958
305.3699239	2554.836958
305.3685618	2555.836958
305.3732899	2556.836958
305.3711767	2557.836958
305.3657515	2558.836958
305.3587147	2559.836958
305.3553764	2560.836958
305.3453062	2561.836958
305.3477549	2562.836958
305.34731	2563.836958
305.3519827	2564.836958
305.3476426	2565.836958
305.3454185	2566.836958
305.3513148	2567.836958
305.3444443	2568.836958