293.7936763	298.4100936
293.796736	298.4004291
293.7932315	298.3671726
293.7995186	298.3549388
293.7896424	298.2933238
293.8109787	298.2735828
293.8099214	298.2735904
293.8063337	298.2856296
293.8066108	298.308369
293.8028832	298.3340457
293.8087532	298.41515
293.811896	298.454243
293.8234961	298.4701103
293.8184049	298.4769023
293.8212706	298.4948925
293.8192682	298.5048355
293.8235792	298.5333446
293.8221325	298.5151409
293.834122	298.5084423
293.8602637	298.5095695
293.8602973	298.4049629
293.8726484	298.3624443
293.8893937	298.3230022
293.8977109	298.3191036
293.9090602	298.2316211
293.9289483	298.1527694
293.9417443	298.087376
293.9567658	298.0440486
293.965417	298.0301994
293.9758751	298.0792011
293.9828302	298.0404685
294.0000757	298.0279258
294.0136782	298.0356582
294.0260016	298.0646881
294.0377403	298.1501487
294.0550427	298.2027305
294.0603556	298.2394813
294.0769332	298.2381061
294.0831649	298.2265094
294.0947081	298.2345108
294.1058634	298.2778495
294.1162107	298.2858032
294.1324835	298.2957691
294.1493133	298.30983
294.1557944	298.3076747
294.1713162	298.2726806
294.1699526	298.2212985
294.1842784	298.1998218
294.2016362	298.1665462
294.2069491	298.1609519
294.2262539	298.1523403
294.2419973	298.0368141
294.2416925	297.9511627
294.2596891	297.901583
294.2723465	297.8901485
294.2827492	297.8921207
294.3040287	297.905989
294.3121797	297.915541
294.310399	297.9509452
294.3271165	298.000439
294.3419995	298.0324024
294.3546831	298.0319961
294.3713453	298.0580162
294.3888417	298.0801147
294.3920137	298.0891593
294.4050313	298.1318267
294.4133763	298.1460384
294.4230294	298.1589054
294.4339046	298.1704124
294.4446428	298.1961006
294.4560475	298.2154621
294.4676752	298.2012351
294.4767435	298.1845649
294.4899566	298.1361869
294.4998037	298.1057914
294.5124874	298.1184886
294.5332943	298.1178287
294.5411667	298.1032833
294.5509307	298.1203025
294.5611671	298.1871131
294.5772999	298.2206863
294.5858126	298.2083724
294.5986917	298.196997
294.6049773	298.1525711
294.6166328	298.1716522
294.6189415	298.1093486
294.6434484	298.1523345
294.6450336	298.1409057
294.6614464	298.1571697
294.6686232	298.1455425
294.679109	298.1363281
294.6957712	298.1482051
294.7011119	298.1491512
294.713991	298.140076
294.7297358	298.1181205
294.7444787	298.1038764
294.7527682	298.118214
294.758332	298.134024
294.7711819	298.1872657
294.785814	298.1727127
294.7889569	298.1484664
294.8013634	298.1334709
294.8193892	298.1226181
294.8286238	298.0414203
294.8344384	297.9928325
294.852101	298.0126365
294.8645076	298.0790943
294.8760522	298.1005634
294.8914062	298.1202301
294.9074004	298.1563419
294.9175538	298.1830772
294.9319627	298.2392982
294.9386116	298.2643398
294.9470396	298.3062767
294.9529374	298.3365539
294.9597248	298.3223327
294.9735766	298.2672275
295.0024222	298.193909
295.0068732	298.1538089
295.0046477	298.1540588
295.0158861	298.1740383
295.0243696	298.199673
295.032382	298.1992248
295.0468187	298.213364
295.061283	298.1942123
295.0715749	298.1940311
295.0792242	298.2084316
295.0881817	298.214785
295.0985013	298.2141098
295.1117698	298.2077163
295.1248443	298.2028602
295.1352747	298.164492
295.1547472	298.1563915
295.1649006	298.1591037
295.1666244	298.1697429
295.1800606	298.1682037
295.1852058	298.1809982
295.1961934	298.1805194
295.2077103	298.1828807
295.2196706	298.1796401
295.2308536	298.173817
295.2417303	298.1726345
295.2579185	298.1605438
295.2686567	298.1348861
295.2888788	298.1350502
295.2881277	298.1526931
295.2983088	298.1599544
295.3052624	298.1651119
295.3116881	298.1562522
295.3335801	298.1241916
295.3395055	298.1087898
295.3520507	298.10722
295.3523569	298.096331
295.3592551	298.0884441
295.3878791	298.1008914
295.3952498	298.1018318
295.4013415	298.1079792
295.4141652	298.1154502
295.4283247	298.1220439
295.4390614	298.170132
295.4415655	298.200457
295.4475726	298.2302898
295.4692429	298.1820301
295.4765582	298.123627
295.4916351	298.0788845
295.4969758	298.1051048
295.5109122	298.1451667
295.5262939	298.1745456
295.5315791	298.217213
295.5421773	298.2459987
295.5491047	298.2744163
295.5564754	298.2874511
295.5697716	298.298983
295.5806483	298.3002418
295.5924424	298.2999481
295.6062402	298.2896484
295.6088537	298.2893032
295.618396	298.3147109
295.6319415	298.3274387
295.6409544	298.3397335
295.6495502	298.3410781
295.6563376	298.3285392
295.6637652	298.3328746
295.6759486	298.3328613
295.6905792	298.3489974
295.7026518	298.3383945
295.7083265	298.3550113
295.7253226	298.4083637
295.7299122	298.4276298
295.7471315	298.4377502
295.7612341	298.4210876
295.7660745	298.4076179
295.7734453	298.3770488
295.7868538	298.3716491
295.7946139	298.3793338
295.8064925	298.3773616
295.8144481	298.4068244
295.828717	298.4222167
295.8316105	298.4305366
295.8446835	298.3955692
295.8660753	298.3209976
295.8577026	298.2711166
295.867856	298.2529758
295.8840442	298.2599872
295.8933356	298.2479995
295.9083294	298.2177871
295.9220427	298.2114871
295.9283575	298.247824
295.9340598	298.2742828
295.9389834	298.2540802
295.9509714	298.2713111
295.9700268	298.2762893
295.9805972	298.2365077
295.9944768	298.2270168
296.0077176	298.2163394
296.0101662	298.2016185
296.0293864	298.198357
296.0339483	298.1901725
296.0480524	298.1650489
296.0499994	298.1665462
296.0612932	298.1560825
296.0671618	298.1386455
296.0782616	298.1395687
296.0910284	298.1499179
296.1039075	298.1498893
296.1218224	298.1406806
296.125744	298.1527008
296.1398744	298.0949157
296.1500555	298.1185726
296.1676365	298.1394752
296.17256	298.1047653
296.175926	298.125933
296.1850774	298.1329311
296.2019058	298.1445335
296.20644	298.1120704
296.2165102	298.0670684
296.2084715	298.0006202
296.2288876	297.9169048
296.2445493	297.9165042
296.2520323	297.9143585
296.2629353	297.957825
296.2720036	297.993645
296.2776228	298.0128673
296.2920041	298.0239795
296.309585	298.0530227
296.3168726	298.1020626
296.3197092	298.0998805
296.3274985	298.1680015
296.3492227	298.2176975
296.3533675	298.2470935
296.3649676	298.264458
296.3740636	298.3004478
296.3870258	298.3042129
296.3979857	298.3123992
296.3973746	298.4083446
296.4078604	298.4627098
296.423633	298.4720901
296.4396272	298.4434265
296.4415742	298.4354557
296.4526463	298.4020046
296.4639664	298.3616432
296.4720619	298.3563541
296.4778751	298.355305
296.4885564	298.3271316
296.4962071	298.2610744
296.5085845	298.2342704
296.5173189	298.2250885
296.5243571	298.2073635
296.5423274	298.1782478
296.5520899	298.1942752
296.5646642	298.2005695
296.5688075	298.2190956
296.5773479	298.2296356
296.5922571	298.262152
296.5999355	298.2797454
296.6082527	298.302666
296.6203808	298.3159183
296.6376263	298.3282512
296.6414648	298.3506759
296.6482799	298.3722976
296.6579884	298.3859809
296.6686697	298.407719
296.6762913	298.4204448
296.6867509	298.4368366
296.6946233	298.4443878
296.7105344	298.4472507
296.7187116	298.4552062
296.7262224	298.3933815
296.7385735	298.3627456
296.7483375	298.3491958
296.76397	298.3384422
296.7724827	298.3388313
296.7781573	298.3667854
296.7880598	298.3624805
296.801216	298.3898986
296.8073646	298.3915122
296.8142905	298.3751739
296.8186292	298.323748
296.8336784	298.3385852
296.8499512	298.2620109
296.8510916	298.1666835
296.8581853	298.1369823
296.8736793	298.1388381
296.878492	298.1216606
296.8945693	298.096516
296.9068928	298.1256889
296.9082272	298.1314929
296.92094	298.1331809
296.9279491	298.1840518
296.9378793	298.2819808
296.9525391	298.3493579
296.9611903	298.4096054
296.9690627	298.4527935
296.97941	298.4693702
296.9899251	298.4596313
296.9949871	298.4201644
297.0015805	298.3984359
297.0140702	298.3890041
297.02286	298.392937
297.033569	298.3970607
297.0494247	298.4037498
297.0687849	298.4207099
297.0616927	298.4161342
297.0850576	298.4047702
297.0840572	298.400864
297.0891747	298.3897117
297.1113729	298.3829769
297.1118732	298.3958801
297.1250308	298.3661369
297.1250862	298.356604
297.139746	298.3159507
297.1351287	298.2833808
297.1539318	298.2892498
297.1645854	298.2843212
297.1650317	298.2696231
297.1765472	298.2775405
297.1847259	298.2846092
297.2147396	298.2805122
297.2198294	298.2803653
297.2300105	298.2782501
297.2337659	298.2876533
297.2670902	298.2833198
297.2721815	298.2746757
297.2630577	298.2556213
297.2911246	298.2314456
297.2791351	298.2296909
297.2949908	298.204718
297.3085932	298.1907295
297.3215	298.1940616
297.3253108	298.1344913
297.3337943	298.082085
297.33666	297.8866294
297.3425286	297.804354
297.3647546	297.7054275
297.3647546	297.7517398
297.3775505	297.8510593
297.3699844	297.9394878
297.3860063	298.0086349
297.3969939	298.0490573
297.4116814	298.078936
297.4171066	298.0805839
297.4227243	298.0535854
297.4438098	298.0506614
297.4495399	298.055384
297.46331	298.1066764
297.4717104	298.1246971
297.4825025	298.1598686
297.4852851	298.2302173
297.4899578	298.2698768
297.4999989	298.3195346
297.5182755	298.3722366
297.5298464	298.3829711
297.5335186	298.376654
297.5511273	298.3646415
297.5509873	298.3580287
297.5415573	298.3508056
297.5666767	298.3481906
297.5851181	298.3432067
297.5863709	298.3275417
297.5855644	298.3265327
297.605174	298.3245986
297.6061205	298.2930912
297.6204463	298.2740005
297.6316832	298.2597164
297.6374979	298.2419589
297.6576091	298.2297443
297.6638394	298.2257522
297.674299	298.201485
297.6774696	298.2014335
297.687429	298.1638607
297.7045359	298.1518253
297.7117404	298.1381458
297.715996	298.1026424
297.7294599	298.1036342
297.7340772	298.1143936
297.7487647	298.1251758
297.7430901	298.160292
297.777638	298.1786769
297.7738549	298.180445
297.7832849	298.1901229
297.7948004	298.2127727
297.8093771	298.2380947
297.8173049	298.2386478
297.8210049	298.2331489
297.8304057	298.2446044
297.8329652	298.2442859
297.8420889	298.2300189
297.8637023	298.2277034
297.8616168	298.2157024
297.8709068	298.2273715
297.8829517	298.2411006
297.8943009	298.1931213
297.9050391	298.1734889
297.9203099	298.1789974
297.9259845	298.1744693
297.9299893	298.1721271
297.9372229	298.1877254
297.9480982	298.1937946
297.9543022	298.2092708
297.9684603	298.2439788
297.9699625	298.2853836
297.9864015	298.2935394
297.9952204	298.3232101
298.0035376	298.3395275
298.0028974	298.3419097
298.0155256	298.32877
298.0249279	298.3155902
298.0356384	298.2428688
298.0490177	298.1637176
298.0564161	298.1657566
298.0509924	298.1118721
298.0670143	298.0282157
298.0776416	298.0114749
298.0923554	298.0110153
298.0972235	298.0333026
298.1037046	298.0360683
298.1229817	298.0762104
298.1310495	298.1268218
298.1356668	298.2088493
298.1405626	298.3094047
298.1388096	298.3507122
298.1570848	298.3774036
298.1657083	298.4177516
298.1796447	298.4436801
298.1851808	298.4320053
298.1956944	298.4269069
298.2072113	298.4139045
298.2128305	298.3951858
298.226099	298.3789333
298.2307163	298.3911041
298.2356675	298.3802284
298.2483527	298.3096088
298.2593679	298.2798027
298.2745279	298.2659
298.276892	298.2992424
298.2827606	298.3131145
298.2941375	298.3135341
298.2971987	298.3089794
298.3052651	298.3048004
298.321287	298.267361
298.3337767	298.2591861
298.3390342	298.2643684
298.3527475	298.2872489
298.3533046	298.2770656
298.3664331	298.323336
298.3819548	298.3455528
298.3901058	298.3648952
298.3942782	298.3513607
298.4106619	298.3611911
298.4094937	298.3689922
298.4134722	298.3286251
298.4250708	298.3063892
298.4309686	298.2858451
298.4394798	298.2707771
298.4610378	298.2148193
298.4608438	298.1907714
298.4718868	298.1437133
298.4780616	298.1459716
298.4840148	298.1486724
298.4943898	298.1510681
298.5082985	298.1619209
298.519009	298.1757968
298.5125264	298.2121795
298.5231815	298.2199539
298.5298565	298.230944
298.5439592	298.2475494
298.5554485	298.2163681
298.5730834	298.188948
298.5754212	298.1524528
298.58766	298.1943305
298.5943643	298.263121
298.5975625	298.2190689
298.6008731	298.2171348
298.6091349	298.3231147
298.6196485	298.3275341
298.6301081	298.3323711
298.6390656	298.3567832
298.6523617	298.3625053
298.657313	298.4035533
298.6695796	298.391867
298.677258	298.354132
298.6809565	298.2992595
298.6957271	298.2693218
298.703795	298.2294162
298.7134744	298.2472766
298.7255747	298.2474121
298.7376195	298.26767
298.743071	298.2279914
298.746911	298.2181724
298.7511112	298.1841358
298.777759	298.2004455
298.7842124	298.1748413
298.7820423	298.1305316
298.7986767	298.1255725
298.8014594	298.1387542
298.8093026	298.1178401
298.8217646	298.1286434
298.8246858	298.154137
298.8384268	298.1727928
298.8487478	298.2146057
298.8493866	298.2556995
298.8576761	298.2309249
298.8799852	298.1957687
298.8812657	298.1750587
298.8915853	298.1532749
298.8942279	298.1261009
298.9009876	298.0041622
298.9093048	297.8971427
298.925967	297.8610996
298.9349784	297.9076942
298.943825	297.9934963
298.9548403	298.0658039
298.9610151	298.1233333
298.9695832	298.1479953
298.9755918	298.1979202
298.9846878	298.2362312
298.9916968	298.257006
298.9956753	298.276646
299.0108631	298.2774127
299.0173442	298.2970432
299.0266356	298.3003067
299.0360641	298.2962612
299.044326	298.3038639
299.0439366	298.3139766
299.0575667	298.3176692
299.0710861	298.2711032
299.079237	298.2020534
299.081184	298.1755527
299.0894166	298.1900943
299.0901123	298.1888469
299.1026851	298.085997
299.1236875	298.028519
299.1335623	298.0063079
299.1353984	298.0318225
299.1501413	298.0625518
299.1599884	298.0648426
299.1713653	298.0965618
299.1739802	298.1578735
299.1797934	298.2167133
299.1869979	298.2321514
299.2017685	298.2839282
299.2090561	298.2976039
299.2120896	298.3145526
299.2197111	298.2961257
299.219488	298.2641719
299.2330628	298.2487701
299.2379032	298.2281822
299.2431884	298.1993011
299.2576528	298.1893772
299.2672767	298.1832469
299.2774855	298.1177276
299.2920067	298.0902351
299.3013244	298.09108
299.3071113	298.1272968
299.316763	298.1464694
299.3184883	298.1619781
299.3320338	298.1862453
299.3382656	298.1790489
299.3488914	298.1838211
299.361298	298.1851219
299.3681131	298.2090305
299.3758732	298.232447
299.3822712	298.2389682
299.3960968	298.2547649
299.4019931	298.2629493
299.4007972	298.3035282
299.416876	298.3605503
299.4299491	298.3966964
299.4327302	298.41548
299.4325363	298.4183544
299.437349	298.4265083
299.4579328	298.4162525
299.4708396	298.4161895
299.4730928	298.4209178
299.4806312	298.4046463
299.4971548	298.4010395
299.5012704	298.4140476
299.5118686	298.3923973
299.5164319	298.3623737
299.5299775	298.3539623
299.5340668	298.3474582
299.5338452	298.343777
299.5560974	298.3324111
299.5593525	298.3307384
299.5678083	298.3541664
299.5660567	298.3506225
299.5788512	298.3615287
299.5950963	298.3661197
299.5987408	298.3738578
299.6097561	298.3773254
299.6095898	298.3620933
299.6236648	298.344662
299.6241928	298.3312801
299.636961	298.3315986
299.641412	298.3530277
299.6589638	298.3423732
299.6644153	298.3228973
299.6757368	298.3642009
299.6806604	298.4073947
299.6933732	298.4058822
299.6996604	298.4119247
299.703582	298.4176372
299.7101462	298.4200958
299.7212738	298.4292911
299.7291739	298.4383796
299.7404385	298.4538864
299.7510367	298.4590629
299.7568236	298.4608005
299.7629708	298.45624
299.7700921	298.4409259
299.7832483	298.4234889
299.7935139	298.3992561
299.794459	298.3776153
299.800189	298.3822196
299.8157107	298.3941768
299.8246682	298.3980411
299.8303982	298.4034179
299.8430542	298.405392
299.8503432	298.39193
299.8569075	298.3909458
299.8599949	298.4117816
299.8682013	298.3984226
299.8829996	298.3686717
299.8886188	298.3556159
299.8910383	298.3720478
299.9011639	298.3710063
299.9134305	298.3692764
299.9205241	298.3802017
299.9239732	298.3617309
299.9358227	298.3304008
299.9403569	298.3023265
299.9528188	298.2914031
299.9545718	298.2608684
299.9734595	298.2534622
299.9747108	298.2450298
299.9788279	298.1490272
299.9886473	298.0548728
299.9953792	297.9925159
300.0080629	297.9665893
300.0152951	297.9634994
300.0223887	298.0117248
300.0251713	298.0549777
300.033404	298.1141151
300.0486763	298.1110843
300.0531827	298.1367305
300.0620002	298.1533607
300.0733494	298.1963943
300.0812495	298.2334236
300.0802199	298.307751
300.0999141	298.3555244
300.0998587	298.3936809
300.1021673	298.3829235
300.1140445	298.3884338
300.1202762	298.3331207
300.1395533	298.2619995
300.1444768	298.2901615
300.1457558	298.3086017
300.1573282	298.2798866
300.1678141	298.2514156
300.1701227	298.27961
300.1771332	298.3081497
300.1887887	298.3289684
300.1995808	298.3236068
300.2105684	298.3454498
300.2169941	298.346495
300.2239769	298.2683757
300.2314584	298.1746105
300.2331837	298.1424106
300.2416118	298.1979621
300.2553542	298.2761711
300.2646719	298.3191188
300.2653399	298.2955745
300.2696786	298.3299526
300.2898745	298.422684
300.2866747	298.4599613
300.2960216	298.5112499
300.3060364	298.5581535
300.3171625	298.6026538
300.3221415	298.6285175
300.3221138	298.6350387
300.3326842	298.6251911
300.3535188	298.6281475
300.3567171	298.6416496
300.3574959	298.6516231
300.3698748	298.6379608
300.3748537	298.6032337
300.3889287	298.5781959
300.3942431	298.506121
300.410599	298.4501956
300.4147715	298.4554714
300.4225593	298.4530509
300.4224762	298.475344
300.4331852	298.4695838
300.4418364	298.491753
300.4473724	298.4895347
300.464758	298.5159324
300.4662878	298.5028594
300.4727135	298.5116065
300.4808907	298.5257934
300.4867331	298.4958042
300.4965524	298.481417
300.5049528	298.4796966
300.5148276	298.4718173
300.5219212	298.4644187
300.5370813	298.4543117
300.5257043	298.4429534
300.53583	298.4569248
300.5470946	298.4429706
300.5552733	298.3555606
300.5641184	298.297686
300.5807252	298.2819503
300.5901829	298.2821868
300.5806698	298.2555469
300.5905723	298.2615398
300.6097662	298.215113
300.6119086	298.199427
300.6212263	298.1781181
300.6178326	298.1608451
300.6361646	298.180157
300.6479587	298.1912044
300.6492377	298.2231887
300.6499334	298.2248786
300.6719362	298.2081398
300.6832854	298.1791385
300.6916858	298.1901782
300.6965816	298.1975616
300.7054559	298.2148078
300.7124927	298.2427505
300.7236757	298.2843402
300.7338844	298.3428958
300.7310187	298.3728603
300.7408104	298.2943996
300.7462341	298.2681011
300.7563875	298.2429489
300.7645662	298.2164634
300.7706025	298.2315486
300.7818963	298.2362827
300.7840095	298.2415679
300.8034543	298.2610038
300.7998929	298.2644065
300.8182526	298.298365
300.8196993	298.2862285
300.8286276	298.273867
300.8454852	298.2578109
300.8454852	298.2609905
300.8419238	298.2603935
300.8624814	298.2286571
300.8750265	298.1930679
300.8740246	298.2084087
300.8807011	298.2468666
300.8871822	298.2805332
300.903789	298.3065723
300.9078491	298.3597587
300.8985037	298.3754867
300.9281836	298.3891052
300.9338859	298.4407447
300.9468481	298.4579147
300.943205	298.4891399
300.9512714	298.5471805
300.9615079	298.5807804
300.970687	298.5859855
300.9756675	298.6186374
300.9791443	298.6548465
300.9788657	298.6613239
300.992385	298.6537021
300.9949431	298.629391
301.0231776	298.5864433
301.0290476	298.57416
301.0362521	298.5918449
301.0368632	298.5827831
301.0362244	298.5613273
301.0592	298.5369476
301.0569467	298.5146278
301.1197569	298.5143798
301.0713834	298.506451
301.0779768	298.4963058
301.0804517	298.4998268
301.091607	298.4890216
301.1138329	298.4597114
301.1041798	298.4462989
301.1171143	298.4143508
301.1322466	298.3746646
301.1415658	298.3500331
301.1448472	298.3432468
301.1712733	298.3373264
301.1633455	298.3261817
301.1660158	298.3371128
301.1726369	298.3308128
301.174139	298.3196338
301.1881309	298.3341316
301.1925542	298.3670829
301.1934438	298.3962253
301.2162531	298.3968719
301.2191189	298.393021
301.2298279	298.3859409
301.2351962	298.3835662
301.2440428	298.3870185
301.248577	298.3852294
301.2440706	298.3873943
301.2572267	298.322224
301.2593691	298.310551
301.2735564	298.331364
301.2708569	298.3847049
301.2858507	298.3934444
301.2901894	298.3719486
301.3006767	298.333691
301.3197307	298.3388065
301.3269074	298.3057159
301.3306905	298.2862934
301.3358372	298.2893852
301.3441821	298.2564548
301.3534167	298.2791656
301.3547249	298.3295368
301.3695786	298.3610557
301.3758381	298.3945907
301.3852403	298.4225315
301.3852957	298.4272178
301.3999832	298.4144081
301.4110816	298.4279178
301.4084113	298.4195941
301.4145585	298.405537
301.4299693	298.3663963
301.4353654	298.3059295
301.442987	298.309275
301.4488293	298.3144897
301.4553381	298.3153099
301.4637385	298.3164829
301.473447	298.3248561
301.4852133	298.3398574
301.4840729	298.3592914
301.4911373	298.363953
301.5106375	298.3570693
301.5133633	298.348677
301.5130847	298.3693489
301.531723	298.3907951
301.5394277	298.3953517
301.5387598	298.3767112
301.5474941	298.3460659
301.5515003	298.332806
301.5549217	298.3331283
301.5617922	298.3365558
301.5684688	298.3255809
301.5709714	298.3233531
301.5790946	298.293053
301.6084128	298.2188591
301.6144491	298.1978668
301.6262431	298.1958583
301.6217089	298.2110351
301.6304433	298.1692031
301.6258537	298.1856979
301.6373707	298.1504081
301.6564523	298.1359752
301.6588441	298.1441234
301.6728082	298.1845096
301.675674	298.2406314
301.6900275	298.2730258
301.6932257	298.334
301.6864661	298.3588584
301.6998469	298.3386177
301.7044919	298.3560165
301.7194564	298.3693889
301.728637	298.3965343
301.7347288	298.4485706
301.7420164	298.4637722
301.7518635	298.4610218
301.7535333	298.4290889
301.7640469	298.4195941
301.7705003	298.4056858
301.7744234	298.3653511
301.7821558	298.3302921
301.7840473	298.3780712
301.7931433	298.4093326
301.8079971	298.4231533
301.8113908	298.4138263
301.8229909	298.4123538
301.8296105	298.4246028
301.8304739	298.4542831
301.8393191	298.4666122
301.8495001	298.4823497
301.8535063	298.5090641
301.8620175	298.5104907
301.8654389	298.5245021
301.8741733	298.5478385
301.8822965	298.5559982
301.8842712	298.5438369
301.8991804	298.5289825
301.9017121	298.5136093
301.90964	298.5193141
301.9168722	298.4771694
301.9229362	298.4190238
301.9296681	298.3526004
301.9500302	298.2757495
301.9511984	298.2590908
301.9592925	298.3009723
301.9638267	298.3654464
301.9668032	298.4622615
301.9775122	298.4967922
301.9780139	298.5335372
301.9938127	298.4853042
301.9992102	298.4637416
302.0012126	298.4809936
302.0170683	298.4924911
302.0256349	298.5035499
302.0339799	298.5297645
302.0305585	298.5532249
302.0407395	298.552317
302.0580419	298.5539363
302.0603229	298.5696414
302.0692803	298.5001911
302.0720892	298.4532455
302.0805727	298.4382671
302.0887514	298.361111
302.0933963	298.3746017
302.1037451	298.3810314
302.108167	298.3837532
302.1140093	298.4006599
302.1195731	298.403231
302.1353996	298.4144901
302.138487	298.4117053
302.1412419	298.3920425
302.1454698	298.3802627
302.153787	298.3785041
302.175205	298.2827171
302.1799069	298.1892265
302.1937879	298.1486381
302.1951223	298.2003807
302.192452	298.2909778
302.1989054	298.3238529
302.2116183	298.3149589
302.2114783	298.3287071
302.2172929	298.3272747
302.2310339	298.3612712
302.2354295	298.3845867
302.2443855	298.4095634
302.248558	298.4240478
302.2551514	298.4535888
302.2597409	298.4505256
302.2738159	298.446257
302.2801031	298.471186
302.2858885	298.4740852
302.3011871	298.4628929
302.3039697	298.4590305
302.313038	298.4200748
302.3092826	298.3964904
302.3211875	298.3893741
302.3295047	298.3890365
302.3358473	298.3924144
302.3400475	298.3384822
302.357767	298.3348239
302.3621334	298.3407939
302.3770995	298.3543704
302.3795744	298.3547309
302.3817999	298.3553718
302.3826064	298.3764194
302.3920641	298.4019092
302.4047215	298.4444297
302.4113689	298.449406
302.4203263	298.4485706
302.4216345	298.4400428
302.4257501	298.4158119
302.4387969	298.4093841
302.4414949	298.4331935
302.4423291	298.4587692
302.45187	298.4756969
302.459159	298.4825195
302.4671146	298.5024074
302.4721767	298.5302204
302.4800214	298.5357154
302.4935961	298.5848411
302.5025798	298.6268047
302.504082	298.6552776
302.5177676	298.7310127
302.5204671	298.8002323
302.5332893	298.8042377
302.5371015	298.8005584
302.5431655	298.8007682
302.5555152	298.73288
302.5525386	298.6545776
302.5692285	298.6158012
302.5676432	298.588385
302.574486	298.5748695
302.5884502	298.5428356
302.5965734	298.5046657
302.6010799	298.5001148
302.601357	298.5195468
302.6074764	298.5303405
302.6081443	298.5142101
302.6200784	298.5214427
302.6313722	298.5526317
302.6366283	298.5736049
302.6378533	298.6369804
302.6485623	298.6778568
302.6527625	298.6864303
302.662471	298.6497196
302.6782698	298.6286643
302.6787161	298.6480411
302.6780481	298.6669868
302.6809124	298.6790927
302.7022765	298.6757968
302.7138474	298.6659111
302.7213304	298.6455539
302.7238068	298.6334384
302.7296753	298.5878662
302.7409414	298.54608
302.7451416	298.4768699
302.7529863	298.4593414
302.7492587	298.3964122
302.7599123	298.3756278
302.7683695	298.2197727
302.7749337	298.2152751
302.787702	298.2894805
302.793098	298.352713
302.7969643	298.4546035
302.8082304	298.5106529
302.8112069	298.533686
302.8160459	298.5619377
302.8222499	298.5891174
302.8342948	298.5770477
302.8407759	298.5705951
302.8457826	298.5106185
302.8555188	298.5527004
302.8596913	298.5348857
302.8645594	298.5657943
302.8793855	298.6180099
302.8880921	298.5617698
302.8816664	298.5194114
302.8920691	298.5046123
302.8954074	298.5138782
302.9097609	298.5231269
302.9102057	298.5200428
302.9245316	298.5272087
302.9305402	298.5294364
302.9378278	298.528107
302.9440595	298.5275825
302.9562152	298.4979537
302.9593858	298.4714416
302.9667579	298.4651531
302.9724603	298.3923286
302.9808883	298.3700069
302.9820288	298.339804
302.9841989	298.3141464
302.9981062	298.2858318
303.0204721	298.2845863
303.0161319	298.2624839
303.0314028	298.2441963
303.0320153	298.2450164
303.0380239	298.236071
303.0544629	298.2501873
303.0552417	298.3179229
303.0597205	298.3633903
303.0603053	298.429375
303.0688996	298.3980621
303.0776354	298.4221023
303.0884829	298.421883
303.0897065	298.3949169
303.0960214	298.4231513
303.1064256	298.4395526
303.1192201	298.4653457
303.1174685	298.4560855
303.1324608	298.4900878
303.1255349	298.5271724
303.1344924	298.583155
303.1337967	298.5909255
303.137469	298.5784362
303.1462864	298.5671981
303.164283	298.5333637
303.1705425	298.5068878
303.1761894	298.4585002
303.1752706	298.4205745
303.185981	298.3697647
303.200584	298.3538211
303.2116838	298.3519557
303.2088735	298.386145
303.2142418	298.3778976
303.2292633	298.3932765
303.2240612	298.4062046
303.2279289	298.4491237
303.2489852	298.4728454
303.2421701	298.4755348
303.2625876	298.4862121
303.2598896	298.4995063
303.2632556	298.498875
303.2762178	298.5170825
303.2846459	298.5146354
303.298944	298.5057071
303.2874562	298.4974025
303.2947992	298.4456676
303.3045632	298.4200176
303.3098484	298.4177001
303.3307939	298.4218372
303.332296	298.4664539
303.3334642	298.5192531
303.3468173	298.5341686
303.353994	298.5525878
303.3579434	298.5942558
303.3670948	298.6167854
303.3724632	298.6370796
303.3830613	298.6312202
303.3869013	298.6358341
303.3904058	298.6188835
303.3916571	298.5929855
303.4061492	298.5787738
303.4173876	298.5410713
303.4262896	298.5191692
303.4291262	298.5227455
303.4339112	298.5169967
303.4438691	298.5139144
303.4461501	298.4849227
303.448237	298.4806369
303.4491543	298.5036491
303.461644	298.5179618
303.4783616	298.5284275
303.4765809	298.5081733
303.4857338	298.4239543
303.4848705	298.3655494
303.4901834	298.3687118
303.4901557	298.3655895
303.5048155	298.3212741
303.5274862	298.298735
303.5303797	298.3480037
303.5392526	298.334143
303.5258732	298.2837203
303.5505187	298.2868656
303.5510743	298.3262847
303.561006	298.3266777
303.5665129	298.3263744
303.5724384	298.3135227
303.5773065	298.2971633
303.5815344	298.3240016
303.5894345	298.3741687
303.5975286	298.4094795
303.5875984	298.3669036
303.6101568	298.3375915
303.6143016	298.3050979
303.62184	298.3031505
303.6318826	298.3278278
303.641368	298.2905525
303.6425361	298.2975276
303.6448448	298.3448204
303.6517707	298.3720325
303.6803115	298.3894714
303.6675709	298.359877
303.6832881	298.3562969
303.6819245	298.4027484
303.6916053	298.431908
303.6922995	298.4503253
303.6997825	298.4777206
303.7040381	298.4765419
303.707127	298.4775527
303.7136635	298.4762653
303.7218976	298.5074295
303.7430648	298.5112899
303.7484069	298.5352252
303.7588928	298.5346893
303.7502707	298.5464576
303.7580863	298.5758899
303.7672654	298.5738872
303.7839845	298.5575946
303.7893251	298.5490306
303.7842338	298.5407909
303.7889634	298.5400241
303.8020919	298.5543083
303.8114387	298.5592197
303.8129686	298.5580982
303.8291028	298.5528511
303.8135811	298.5386146
303.8372246	298.5505393
303.8390053	298.5396331
303.838282	298.5050891
303.8521076	298.4963191
303.8602017	298.4437202
303.8734147	298.4853271
303.8707721	298.4162277
303.8786999	298.3765987
303.8792556	298.3825935
303.881732	298.3657707
303.8956684	298.381863
303.9003965	298.4276641
303.9136373	298.4982646
303.9203969	298.5619682
303.9234289	298.5799812
303.9324695	298.5982192
303.9403697	298.620232
303.9429846	298.6355575
303.9561976	298.6278747
303.9563362	298.5923694
303.9641532	298.5734027
303.9720518	298.5541538
303.9704943	298.5471271
303.9848478	298.5399784
303.9997016	298.523188
303.9976715	298.4956535
304.0059056	298.4716361
304.0203145	298.4727138
304.0212041	298.4794315
304.0269911	298.5061477
304.0209825	298.543362
304.0351683	298.5455345
304.0393962	298.5505241
304.0452662	298.5760616
304.0510517	298.5964244
304.0612604	298.644482
304.0637645	298.6452011
304.0718863	298.6191162
304.0760865	298.6154884
304.0855442	298.6107124
304.0892718	298.6215633
304.09414	298.6365341
304.110719	298.6249031
304.1205938	298.5938323
304.1271857	298.5941432
304.1223176	298.5943168
304.1326387	298.5766242
304.1395369	298.568024
304.1472693	298.5367683
304.1483821	298.5008586
304.1539458	298.475613
304.1649611	298.4481147
304.172555	298.4397243
304.1757255	298.4026588
304.181791	298.3677181
304.1871871	298.3827041
304.2034044	298.3996299
304.2063518	298.4087509
304.2166729	298.436663
304.2174794	298.4406208
304.2301353	298.4178298
304.2361994	298.404034
304.236561	298.4134944
304.2458525	298.4604896
304.2510531	298.4815296
304.2513871	298.5015243
304.257034	298.5061801
304.2635151	298.5214675
304.2746427	298.5327915
304.2748366	298.5638908
304.2825982	298.5962623
304.2911094	298.622517
304.2978968	298.6291393
304.2992881	298.6340698
304.3156994	298.6611331
304.3170076	298.6718334
304.3328064	298.64971
304.3347825	298.641064
304.3339191	298.6051582
304.3326124	298.5723155
304.345353	298.5319007
304.3503319	298.5057796
304.358092	298.5107139
304.3703878	298.517155
304.3704432	298.504063
304.372975	298.4813827
304.3874116	298.4485687
304.3927523	298.421986
304.4013758	298.3970989
304.4084402	298.409222
304.4103872	298.4012664
304.4177594	298.3445934
304.430166	298.3307327
304.4326131	298.3486236
304.4345324	298.3298915
304.4375367	298.3482707
304.4428219	298.3618015
304.4612925	298.3485473
304.4778992	298.3599971
304.469916	298.3419326
304.4651587	298.3302883
304.4780378	298.3145126
304.4878849	298.3356765
304.4931978	298.3564952
304.5036297	298.3851799
304.5124749	298.4224971
304.5211815	298.396191
304.5309455	298.3813194
304.53089	298.3903564
304.5382054	298.4204639
304.5400969	298.4599613
304.552782	298.5021099
304.5557294	298.5275081
304.554589	298.5237525
304.5680252	298.5161804
304.5726702	298.5216945
304.5738106	298.530577
304.5882473	298.5139564
304.5902511	298.4951061
304.5898048	298.4747089
304.5918364	298.4619888
304.5924752	298.4705375
304.6108903	298.4426387
304.6173714	298.4392227
304.6191521	298.4530738
304.6314187	298.4539093
304.641906	298.4382022
304.6420723	298.4022182
304.6415443	298.4077552
304.6528659	298.4109272
304.6684984	298.4104198
304.6763985	298.470858
304.6828796	298.4821075
304.6753135	298.4865135
304.683937	298.4463581
304.6868859	298.443085
304.7069417	298.4616016
304.7077205	298.4737533
304.7095566	298.4814266
304.7192083	298.4395488
304.7302235	298.414307
304.7282489	298.3780025
304.7318103	298.3492797
304.7466917	298.3384765
304.7459684	298.3375877
304.7566497	298.3412555
304.7617963	298.3429759
304.7671647	298.3576435
304.7742029	298.3705429
304.7785139	298.4095996
304.785663	298.4109786
304.7911699	298.4152645
304.8007122	298.4291576
304.8005167	298.4157032
304.810447	298.3858455
304.813479	298.3700145
304.8216576	298.370932
304.8290853	298.3738483
304.8343413	298.4173339
304.8443838	298.4646724
304.8528119	298.4775852
304.8478883	298.5054439
304.8616308	298.5340961
304.8639672	298.5518135
304.8724229	298.582085
304.8775973	298.6303066
304.8829934	298.6247447
304.8868596	298.6006111
304.8981811	298.5964073
304.9007129	298.5998844
304.9080282	298.6164649
304.9221586	298.6497653
304.9137582	298.6641162
304.9204625	298.6357826
304.9288074	298.6286643
304.9393502	298.6438678
304.9491972	298.660704
304.9487247	298.6719573
304.9586827	298.6491683
304.9706152	298.6372398
304.974426	298.6480449
304.9810194	298.6534275
304.9821876	298.6610569
304.9872497	298.6870731
304.9942602	298.6606468
305.0052201	298.6743129
305.004329	298.6728404
305.0059711	298.6656936
305.013565	298.6818889
305.0238292	298.6700214
305.0238569	298.6788887
305.0373485	298.6850933
305.0453872	298.6694072
305.0510341	298.6481422
305.0531196	298.6480907
305.0678625	298.6401943
305.0750947	298.6456989
305.0862223	298.6063808
305.079518	298.5609954
305.0865008	298.5278209
305.0932882	298.5118869
305.1005481	298.4546474
305.1116188	298.3714794
305.1019656	298.3201393
305.1120081	298.365269
305.104108	298.3075927
305.1290043	298.3557895
305.1380172	298.373711
305.1483091	298.3864425
305.1527601	298.3471931
305.1608265	298.3684467
305.1540391	298.3714965
305.1572942	298.4132045
305.1697839	298.4530796
305.1737333	298.5033496
305.1777118	298.5206588
305.1941785	298.5759471
305.1943448	298.5824722
305.1942062	298.6158164
305.2006319	298.618748
305.218156	298.6197647
305.2177666	298.6085971
305.2147069	298.5285076
305.2330389	298.4667362
305.2372114	298.4706443
305.2375731	298.4207328
305.2488946	298.3519786
305.2584354	298.3443111
305.266391	298.3600353
305.2713699	298.345858
305.2759595	298.394955
305.2811339	298.3794845
305.2846661	298.3278564
305.2932342	298.2960304
305.2986026	298.3022121
305.306141	298.3121704
305.3086728	298.3876899
305.3134009	298.4481929
305.3246116	298.4724258
305.3190478	298.5156997
305.3302585	298.5675949
305.3326503	298.5662254
305.3434424	298.5778125
305.3453062	298.5785964
305.3575465	298.5894721
305.3648895	298.6537097
305.3627749	298.6464103
305.3681447	298.6585048
305.3730682	298.6497997
305.379771	298.6322921
305.389535	298.6032546
305.3941523	298.6222232
305.4056969	298.632212
305.40948	298.6256431
305.4223868	298.5950778
305.4262253	298.5945209
305.4231102	298.5454353
305.4333189	298.5420192
305.4450021	298.5252574
305.4480064	298.5118564
305.4542644	298.5115894
305.4642223	298.5132698
305.4685902	298.4957202
305.4727627	298.4935611
305.4751267	298.4807876
305.4795224	298.4635757
305.4913441	298.4528888
305.5025548	298.4414867
305.5099255	298.4406074
305.5077	298.4528507
305.5177702	298.4567531
305.5226938	298.4381736
305.52286	298.4366516
305.5302322	298.4467929
305.5382709	298.4434226
305.5412198	298.4649204
305.5412475	298.4865287
305.5505375	298.5120071
305.5527353	298.530268
305.5566583	298.5457576
305.5680353	298.5502132
305.5685632	298.5597671
305.5809975	298.5638622
305.5808867	298.517218
305.5967132	298.4503177
305.6025001	298.3997596
305.5914848	298.4154094
305.6148498	298.3819374
305.6147944	298.377705
305.6249754	298.4447521
305.6179095	298.446051
305.6319291	298.4258808
305.6408588	298.3721565
305.6431397	298.3479923
305.6519572	298.3259872
305.6582443	298.3084892
305.6639744	298.2925361
305.6662276	298.2744277
305.6695936	298.2678779
305.681917	298.2761653
305.6802749	298.267033
305.693154	298.261166
305.6975496	298.2778781
305.7075629	298.2685092
305.71168	298.3068927
305.7090928	298.3200592
305.7234463	298.3388446
305.7348509	298.3662418
305.740387	298.3876422
305.746979	298.3955749
305.7502618	298.3862861
305.7563535	298.4086498
305.7536001	298.3906864
305.7611662	298.3386768
305.7745178	298.3969005
305.7925713	298.4376491
305.78189	298.4374469
305.7975226	298.4947799
305.7974394	298.550072
305.8101231	298.5800689
305.8177447	298.5886196
305.8203873	298.5973628
305.8226405	298.5387691
305.8132382	298.5330127
305.8382176	298.593655
305.8502625	298.6145767
305.847426	298.6334938
305.8691779	298.6132625
305.8551029	298.6105655
305.8556032	298.64267
305.8699567	298.6513999
305.8795544	298.6598781
305.8736289	298.6651939
305.888121	298.6817668
305.8896509	298.7099594
305.9127664	298.7172531
305.9047832	298.7279609
305.9115983	298.7173484
305.9112089	298.7121471
305.9220856	298.7049011
305.9297903	298.6847766
305.9336011	298.665747
305.9275371	298.6649784
305.939248	298.6570858
305.948344	298.6512435
305.9566335	298.617823
305.9569952	298.6005996
305.970042	298.59524
305.9712102	298.5868381
305.9741868	298.6035312
305.9862302	298.6048187
305.9993878	298.6202377
305.9979411	298.6233352
305.9995001	298.6308197
306.0115713	298.6127952
306.022254	298.5965103
306.0235053	298.5781806
306.0309884	298.5630611
306.0391656	298.5207408
306.0341035	298.4994586
306.0379697	298.4856094
306.0465932	298.5160259
306.060779	298.559666
306.0586381	298.5934204
306.0618086	298.6268886
306.070209	298.6297363
306.0812534	298.6387542
306.0784985	298.6353897
306.0837837	298.6306003
306.0889027	298.6223377
306.0961072	298.6137908
306.1114612	298.5925334
306.1092079	298.5828117
306.1168587	298.5658535
306.109625	298.5472702
306.1209743	298.5410961
306.1389169	298.5234378
306.1442576	298.5093292
306.1440621	298.5009311
306.1456766	298.5190738
306.1517406	298.5417427
306.1608089	298.5990814
306.1625881	298.6249202
306.1713793	298.6852516
306.185482	298.691109
306.1899331	298.6776012
306.1899885	298.694136
306.1933267	298.6750072
306.1970252	298.6830505
306.2163869	298.6839431
306.2148556	298.684624
306.2169148	298.6822055
306.221449	298.6592124
306.2286257	298.5528186
306.2324642	298.4900726
306.2442583	298.452042
306.2467069	298.4330085
306.2467026	298.4631847
306.2466501	298.4708465
306.2290983	298.4644245
306.2161638	298.4680866
306.2156635	298.4614147
306.2096272	298.4553569
306.2042866	298.4760765
306.2034786	298.4764026
306.1990291	298.4797843
306.1973038	298.4919494
306.1844247	298.5057033
306.1817267	298.5105003
306.1783884	298.5077957
306.174022	298.561375
306.1745222	298.5880111
306.1724921	298.6223072
306.1661495	298.6319755
306.1573598	298.6377738
306.1591113	298.6190608
306.1621987	298.6117233
306.1453149	298.6220554
306.1425046	298.6308654
306.1408362	298.6138767
306.1377765	298.632727
306.1303488	298.6412776
306.1389446	298.6732639
306.1239786	298.6991523
306.1214483	298.7041114
306.113131	298.7079624
306.1031439	298.7076171
306.1155505	298.7091831
306.1044521	298.6925395
306.1036733	298.6802333
306.0957732	298.6737674
306.0945219	298.6761306
306.0811688	298.6901992
306.0741321	298.6798519
306.0771087	298.6607917
306.0712386	298.5996078
306.0709324	298.5966228
306.0667322	298.5715183
306.0678726	298.5894874
306.0613361	298.6313289
306.0564957	298.6465057
306.0495698	298.6641029
306.0501254	298.6842636
306.0476505	298.6828102
306.0341035	298.7042945
306.0329907	298.752333
306.0298479	298.7793334
306.0278718	298.8181022
306.0277609	298.8283695
306.0274824	298.8189395
306.0233668	298.8294528
306.0227543	298.7673038
306.0092072	298.7543987
306.005341	298.7538742
305.9995556	298.7087177
306.0004175	298.6864017
305.9957171	298.6582435
305.987483	298.6003669
305.9869813	298.5816787
305.9836445	298.6372608
305.9778021	298.8678897
305.9749101	298.9494346
305.9656187	298.9258579
305.9751318	298.9357418
305.966676	298.9192317
305.9593593	298.8827919
305.9569121	298.8770374
305.9447841	298.8531803
305.9446455	298.8337062
305.94228	298.7834114
305.9381352	298.7301563
305.9383861	298.6704238
305.9296795	298.6403068
305.9216131	298.5990089
305.9161601	298.5741161
305.9136021	298.6478351
305.9220302	298.6979774
305.9126833	298.7187713
305.9006107	298.758057
305.9117937	298.7661422
305.9022806	298.797377
305.9125725	298.8199619
305.9119322	298.8012527
305.9099576	298.787165
305.8977741	298.7812961
305.8951869	298.7906688
305.8870929	298.7820266
305.8794144	298.7347244
305.875048	298.7319664
305.875799	298.7364448
305.8696227	298.7594226
305.871348	298.7721065
305.8719882	298.7603839
305.8675372	298.6723979
305.8620012	298.5975212
305.861918	298.5711463
305.8542133	298.6297935
305.8569945	298.6564105
305.8509859	298.7078823
305.8408325	298.7349227
305.8365215	298.7804225
305.8356319	298.7764286
305.8332387	298.744326
305.8298727	298.6651996
305.8220017	298.6202949
305.8238364	298.6068157
305.8241981	298.5962242
305.8197208	298.5670188
305.8170782	298.5403484
305.8097337	298.5292362
305.8060906	298.5380653
305.8123486	298.5931953
305.8013057	298.6081298
305.7990247	298.6336158
305.7973271	298.659901
305.7930716	298.6326126
305.7875646	298.6057037
305.785256	298.6063236
305.784031	298.5899242
305.7822517	298.5907367
305.7828351	298.5954345
305.7789412	298.5426181
305.7664515	298.4984439
305.7682599	298.4507698
305.759107	298.4320396
305.7568552	298.4595359
305.752849	298.4713043
305.7582451	298.4653038
305.7492891	298.4625591
305.7509298	298.4882225
305.7386617	298.5353607
305.7394128	298.567345
305.7345184	298.6044277
305.7300951	298.5737251
305.7264783	298.5864643
305.7265614	298.5644153
305.721527	298.534365
305.7246422	298.5132144
305.7159633	298.5122322
305.7182457	298.5390399
305.7088988	298.5591567
305.7039198	298.564627
305.6965476	298.5700096
305.6953795	298.5931056
305.6985792	298.6020435
305.6899834	298.6032394
305.6820279	298.6009315
305.6891492	298.6000637
305.6839471	298.6053031
305.6786065	298.5959457
305.6805534	298.5365528
305.6823895	298.5119632
305.6675912	298.4992336
305.6708449	298.4991935
305.66837	298.4426139
305.6697598	298.4032997
305.6616103	298.4286026
305.6582721	298.4375003
305.6510122	298.4471534
305.6556849	298.449324
305.6492038	298.4573425
305.6492315	298.4938434
305.6605807	298.5126041
305.6535162	298.4982131
305.6445588	298.476723
305.6387164	298.5137599
305.6440862	298.5374778
305.6305392	298.5246051
305.6316797	298.5077384
305.6195517	298.5401882
305.6233347	298.5415634
305.6151561	298.5381206
305.6102325	298.5081619
305.6042516	298.4930595
305.6098985	298.5645622
305.6011365	298.6272453
305.592179	298.6978839
305.592179	298.6974529
305.5909277	298.6618427
305.5972426	298.660765
305.5889253	298.6816524
305.5860873	298.7052482
305.5766019	298.6632026
305.5734868	298.6509613
305.5739316	298.6327384
305.5777978	298.6025413
305.5576865	298.5707973
305.5613865	298.5786327
305.5628332	298.5751079
305.5600797	298.5632595
305.5585499	298.5641559
305.549203	298.5493129
305.5541266	298.5432476
305.5435284	298.5286811
305.5389111	298.5183109
305.5356283	298.5073474
305.5336813	298.4918254
305.5279513	298.4652446
305.5424711	298.4508136
305.5325409	298.4422725
305.5190215	298.4157661
305.5149891	298.3874706
305.5114831	298.3675178
305.5076169	298.3589538
305.5056976	298.4069141
305.5032504	298.4832405
305.5052805	298.5170806
305.5073383	298.4819072
305.4967679	298.4611114
305.5044463	298.4581626
305.4972696	298.4580272
305.4969356	298.4723819
305.4917335	298.47872
305.4854478	298.4916786
305.4866437	298.4848388
305.4746265	298.4765247
305.4801626	298.4957546
305.4751267	298.5204872
305.4708711	298.5403617
305.4685071	298.5560058
305.4617474	298.5668567
305.469703	298.5760101
305.4686456	298.5492595
305.4666987	298.5120853
305.4510661	298.4887508
305.4466428	298.4713672
305.4595219	298.4748138
305.4624708	298.4734691
305.4565453	298.4657844
305.4361278	298.5187076
305.4357661	298.5275482
305.4314828	298.5380939
305.4260022	298.5744194
305.4296467	298.5996688
305.4302869	298.63246
305.4278937	298.6646617
305.4187146	298.6663879
305.4161842	298.630503
305.4171293	298.6178974
305.4149038	298.6198333
305.4128737	298.6449226
305.4072268	298.6468948
305.4180758	298.6293128
305.4041116	298.6830963
305.4015244	298.6671279
305.3969903	298.6556877
305.3896735	298.6483825
305.389535	298.6617816
305.3999115	298.6697944
305.3876157	298.669411
305.3780195	298.6879142
305.3710644	298.7250617
305.3786583	298.7348617
305.3806898	298.7229293
305.3749598	298.7071117
305.3758494	298.6824821
305.360634	298.6831592
305.3603554	298.6334213
305.3634151	298.6015113
305.3581022	298.6857532
305.3567109	298.6721805
305.3541528	298.6758159
305.3579636	298.6474575
305.3343464	298.6315769
305.3403273	298.6933959
305.3387143	298.7048782
305.3456956	298.75186
305.3335953	298.7948421
305.3325948	298.7913402
305.3262246	298.7896312
305.3234434	298.7960456
305.3223861	298.7794059
305.325612	298.7053188
305.3267525	298.5709785
305.3147368	298.5016998
305.3143182	298.5201438
305.3155156	298.5502246
305.3204945	298.5975154
305.3190478	298.6042446
305.3125113	298.5573753
305.3041095	298.5598396
305.3006326	298.5758327
305.2963493	298.5677684
305.3014668	298.5665782
305.2905362	298.5427879
305.2839982	298.5320095
305.2814956	298.5334457
305.2813556	298.5113033
305.2789915	298.5155929
305.2870025	298.5201229
305.2843599	298.5259136
305.2727335	298.5290092
305.2675592	298.5437911
305.2615506	298.5491317
305.2653891	298.5386528
305.2644994	298.5261901
305.2669466	298.5036663
305.2548463	298.4812683
305.2511755	298.4676784
305.2485329	298.4755271
305.2419395	298.4751113
305.2446375	298.486811
305.2450838	298.5147651
305.2284494	298.5454715
305.2381841	298.5438369
305.2333729	298.5193504
305.2324541	298.5404743
305.23379	298.5467342
305.2337054	298.5346893
305.2157642	298.5289978
305.2102282	298.5107215
305.2218837	298.5209564
305.2204092	298.5262569
305.2156534	298.524752
305.2185177	298.4923652
305.2050829	298.4432319
305.2060834	298.3948272
305.2020232	298.4021343
305.2092554	298.409304
305.2093663	298.4250453
305.1956253	298.4320377
305.1992683	298.4514049
305.1826353	298.4802364
305.190868	298.4933036
305.1897275	298.5001663
305.1808269	298.5405925
305.1834972	298.5953487
305.1798804	298.6309551
305.186223	298.6272758
305.1857227	298.6475318
305.1723697	298.6422256
305.173093	298.6521133
305.1655823	298.6545776
305.1612436	298.6414169
305.153288	298.6352027
305.1584901	298.633303
305.1535389	298.6246646
305.1527601	298.6180767
305.1562646	298.619635
305.1608542	298.6156486
305.148503	298.6298622
305.1447768	298.6387161
305.1494218	298.6746963
305.1401581	298.6988643
305.13543	298.7232917
305.1419111	298.7127899
305.1311744	298.7001537
305.1285318	298.6828826
305.1365704	298.6614479
305.127279	298.6482376
305.127613	298.6135257
305.1207979	298.6265663
305.1181553	298.6202835
305.1127038	298.6013721
305.1163746	298.5895103
305.1085036	298.5451396
305.1128978	298.5430416
305.1090593	298.5794662
305.1049976	298.6126522
305.1031907	298.6257556
305.0974884	298.6199268
305.0935376	298.6150669
305.0921185	298.6620983
305.1030507	298.7161659
305.1094487	298.7501472
305.1062781	298.7645172
305.0829671	298.7639984
305.0777373	298.8173316
305.0820498	298.8489765
305.0776542	298.8638824
305.0722027	298.8106025
305.0736494	298.8236526
305.0722858	298.8440956
305.0733986	298.8253559
305.0738988	298.7800392
305.0696432	298.7538436
305.054594	298.7449707
305.0609643	298.745623
305.052036	298.7107624
305.0515066	298.6895259
305.0430508	298.698809
305.0555959	298.6959346
305.0511449	298.6988929
305.0389892	298.7314933
305.0389615	298.757088
305.0448869	298.7489074
305.0439405	298.7403377
305.0358464	298.7232498
305.0379042	298.6649555
305.0361803	298.6178058
305.0349553	298.6093639
305.0289759	298.6128162
305.0241077	298.6279777
305.0201569	298.6542514
305.0189888	298.6541999
305.0181823	298.7050022
305.0124245	298.6768478
305.0096988	298.6815284
305.0093925	298.6779655
305.0078904	298.6864799
305.0076395	298.715752
305.0126754	298.6959251
305.0055817	298.6451534
305.0025774	298.6352752
304.9949282	298.6523117
304.9936477	298.6676544
304.9969028	298.7320865
304.9898646	298.8048748
304.9878068	298.8554748
304.9804346	298.8530258
304.9778766	298.8976387
304.9840514	298.9425777
304.9783214	298.9537967
304.9746215	298.9376167
304.970449	298.9273704
304.9634954	298.9244045
304.9688637	298.911013
304.9606296	298.9256175
304.9617147	298.9558567
304.9590998	298.8108886
304.9568742	298.7282203
304.9571251	298.6637596
304.9572636	298.62513
304.9563463	298.6395744
304.9510057	298.6719058
304.9480568	298.6577095
304.9473888	298.6330703
304.9399904	298.612347
304.9344543	298.6837638
304.9354271	298.7484611
304.9259985	298.7605709
304.933397	298.7986968
304.9265265	298.8072093
304.9292245	298.8183616
304.9247735	298.8586029
304.923967	298.8663829
304.9196837	298.8691753
304.9122561	298.8566402
304.9137305	298.8607295
304.9205179	298.893082
304.9184324	298.9115566
304.908139	298.8964942
304.9145093	298.8823303
304.9141753	298.8624614
304.9071663	298.8454841
304.9089178	298.8198627
304.9056364	298.8058856
304.8908381	298.8104042
304.8889743	298.8190826
304.8872767	298.8021167
304.8886126	298.7900814
304.8887511	298.755978
304.8922279	298.7559265
304.8906981	298.7648471
304.8805739	298.7685283
304.8773465	298.7860244
304.8745653	298.7773536
304.8728677	298.7697814
304.8788486	298.7786468
304.872089	298.7743057
304.8636332	298.8358673
304.8595993	298.7736991
304.8730077	298.72765
304.8663589	298.7162269
304.8642442	298.7414535
304.8615462	298.7297843
304.8600164	298.7285083
304.8567073	298.726231
304.8544818	298.7195781
304.8487225	298.669062
304.8413241	298.6219371
304.8402668	298.5871891
304.8496413	298.5607475
304.8485563	298.577679
304.8396542	298.5987285
304.832005	298.5780509
304.8332008	298.5697769
304.8295855	298.5481037
304.8301134	298.5263198
304.8292792	298.5479167
304.8196276	298.5860694
304.8194044	298.6151298
304.8294455	298.6358455
304.8132019	298.6452487
304.80864	298.6593364
304.8196276	298.6679138
304.8127279	298.6731513
304.8095573	298.673653
304.8071379	298.6665252
304.8011293	298.669102
304.8041613	298.6630996
304.8032702	298.6132606
304.7944804	298.6436332
304.7995425	298.6382431
304.7943696	298.6078285
304.7958995	298.5886157
304.7785693	298.5762695
304.780544	298.5813106
304.7816568	298.5950721
304.7860801	298.5798152
304.7774843	298.5827754
304.7852182	298.6011089
304.7654117	298.5985244
304.7856907	298.6041931
304.7716988	298.5916275
304.7730056	298.5421871
304.7670261	298.5253929
304.7540902	298.4958175
304.7584304	298.4587463
304.7585412	298.472546
304.7614624	298.4668945
304.7546473	298.4708045
304.7467194	298.4620784
304.7436043	298.4311031
304.7451896	298.4554618
304.7370955	298.4710811
304.7543133	298.4686779
304.7592091	298.4706043
304.7464132	298.4509319
304.7309746	298.4342826
304.7398767	298.4667495
304.7386808	298.441584
304.7419345	298.4195274
304.7421576	298.4195541
304.7365107	298.4180931
304.7328939	298.4735549
304.7245489	298.5230373
304.7235762	298.5543369
304.7242149	298.5906013
304.7217955	298.6100009
304.7184849	298.5711521
304.7207658	298.5483535
304.7143402	298.5465129
304.7121438	298.551144
304.7077205	298.5270618
304.7056058	298.5129722
304.7093058	298.4982875
304.7026584	298.5259365
304.7085824	298.5214962
304.6958987	298.5226863
304.6978457	298.5353015
304.6972332	298.5513996
304.6917817	298.5668319
304.685216	298.5750164
304.6862179	298.5763992
304.6921434	298.5825122
304.6841601	298.5840782
304.6804602	298.5692314
304.6839924	298.5647396
304.6727263	298.5432552
304.6752858	298.5365871
304.677205	298.5324729
304.6771496	298.535065
304.6771496	298.53595
304.673088	298.5411914
304.6661898	298.5379585
304.6639088	298.5512241
304.6614062	298.5667957
304.6555639	298.5547966
304.6449657	298.543383
304.6587913	298.5267986
304.6594578	298.4876407
304.6585959	298.4750389
304.6442978	298.4249061
304.640293	298.414141
304.6390694	298.3950122
304.6413504	298.3788246
304.6387355	298.3716815
304.6445763	298.3200763
304.6401253	298.2810138
304.6363422	298.2396186
304.6287207	298.221865
304.6309462	298.2434619
304.622435	298.2429031
304.6333657	298.2847827
304.6165927	298.3263114
304.6167327	298.348986
304.6209328	298.4134811
304.6152859	298.5001586
304.6081923	298.5522655